28867944
24786896
28968586
31220527
24383523
35365060
28323829
34118113
31310894
33121880
35979570
33931198
35537397
30565212
35607814
34386982
28266345
26523770
26803208
24309262
34495833
36116285
18159786
24971355
20167390
34085627
20193732
26997166
32621360
32768594
35881625
3041846
36122214
35510611
33715252
28476348
33451276
10753548
36036165
20829693
16553307
18827225
22162476
28481574
32292158
26493362
30878500
25624425
35349871
35231846
28447842
23261761
9142756
27893174
35007098
36151117
22364345
16570737
36127357
24969660
32249542
34663121
33561449
34488922
25616184
35759604
32820342
31465498
19001882
36141891
33249955
2183173
28969342
24309264
12763515
30624959
35868523
8315135
29408319
28594578
31970703
28362231
36319960
21774897
32456733
36625969
23808821
7620305
15325744
31747327
12022800
33934441
30793227
11960808
33849677
36257163
35994867
16122800
29981292
28479551
32402763
22209600
34507229
25929288
34839779
35531959
32031888
29194573
34186152
29341318
3061445
31588857
32800298
19632133
29461270
25857854
31400651
34253231
27270683
24280514
23659373
31064491
22676914
36138459
26346265
28922835
34625648
25187003
990349
31833224
34504031
33843682
30714466
24671136
1807966
31073950
23060127
22096522
27676314
30117114
26787299
32498598
30588833
24559771
26291386
15249151
19750791
22356180
25213757
21729400
29169060
18467085
4087140
19306995
30061464
21233148
677351
29188578
30169811
23035883
1018057
20806062
21312165
10923660
32893443
34881910
24989949
31814114
24214244
30732841
19203434
19031210
28530416
28926416
26874683
31377900
30152724
25575225
9773172
21444900
30522750
24912461
35580270
30535833
17547531
31047813
15777883
1392217
35188095
18611126
30562561
17137031
29618284
33353502
2029694
26263065
21895357
12049327
28157575
22404541
28870585
28550244
19023742
19467145
14600119
34334187
3751651
31119295
11756600
25132316
24244751
30998038
27636672
19225269
33771450
27445036
33301339
17364783
24803285
25467778
25504054
25054800
18005937
25467779
16754471
17240720
11464561
24852498
31581969
9759350
2775503
12958006
27832173
32202152
25170588
25022777
25343713
10619529
19285755
7677718
23420196
30230458
23250002
36737639
17295575
21507019
25038294
667241
32772802
20410089
25450117
21985165
32378504
21466100
31826264
22950824
24100131
10753494
10790977
20532245
24842433
23366731
33754368
25938249
12173682
36501942
16910216
25953032
28945939
34974523
21752357
26551043
36356912
36394656
21949712
35134669
26066688
20408468
32036442
17698405
27797145
10380423
22791395
27923731
18805727
23036719
17324660
34641762
29400566
18296110
25268465
27587002
18430708
4008548
29781730
17018208
28044197
19365525
31122309
17697410
25416592
11283746
31739823
35196708
3649959
29999483
30987738
35730508
15022268
8669351
17323232
27044094
20491732
2216473
7643310
11709906
29966862
17015092
9234038
35227209
19847073
19210014
26846203
9260075
30153193
6857083
2613896
31237246
29781306
1786791
32710546
2647801
11501734
35907274
31113299
32440792
16168021
29567546
30025254
17484592
31427508
27112316
34760139
30840640
9693260
29773205
28355856
32092536
15747625
33085707
31374484
17563152
29194740
29757108
27803098
31557706
27428757
25539184
30203885
30592018
32159504
28161598
30472334
33896842
25642948
17547306
28355866
189334
27668318
19391364
34066063
11483170
20963768
7158702
31273775
29159755
27781300
20853966
22880000
86197
26167800
23548985
23858465
17851978
23940559
10392784
28285181
31697690
23624314
28505273
32436155
21401221
24341717
32347660
34260606
31978627
23955313
21109238
31051207
2655840
23083131
6221248
26580066
30333296
18778899
24127657
16784366
30144685
28182193
31874774
29543473
32212958
25363718
33556671
25433976
31949239
12815501
1886966
24297804
25460388
31999563
36706563
24742143
23828871
25756084
22297120
27281268
16462683
2743938
28541060
31373723
24910292
15536244
26143740
29565235
26032714
9989408
18434197
25164177
21668746
23251547
27059303
12039667
28585737
22804705
25800351
29468890
25784058
21531482
3366055
22256685
31418314
27690512
27328019
16972590
25633716
15285829
30907635
32176574
7169601
32098723
15739775
25844572
31466488
7169602
749136
29355986
11089299
15521696
32419398
18720279
18311597
24416119
23348846
9194961
7790288
6650704
28355840
993454
22331575
14737981
17147098
27714544
26714682
26206170
3647954
25117783
26035088
29517310
3580653
12136498
15714043
22974053
17717648
3660912
19137344
12481533
16781039
12845939
6853874
10521888
29165609
32564085
32115805
28349514
7897039
33011869
10600048
15285831
29486626
25263518
34097702
23925856
22472114
19755573
35480964
29244847
26926484
29908953
31732017
6697030
31265216
31030881
29256910
16209420
31012739
31735241
33322157
19038834
10774528
21039953
29488192
24111987
25449145
29676536
34752999
10994013
34167387
4083102
8926300
18516954
20969529
16938084
29569950
35577157
28416273
12132116
10808640
35792435
30281459
22425466
20945255
31830099
16960303
30443984
6660009
26362891
21159524
32413581
29448909
22591889
10402153
19806601
32652388
24755406
30507233
29750658
31029871
26072277
32125226
29171338
21853449
17928444
33459650
25900537
36113914
20035799
32675408
30982217
27466329
25516007
23158572
32070810
621625
19048439
16325974
17176600
27929339
25365563
9344404
31022563
27107894
26285025
23466640
17664220
34942642
15587669
31373274
16463608
7004853
24646045
11296472
30873864
2746459
864390
27336804
23436211
33511793
11878157
24955572
26263068
33773425
9220304
36085067
15854006
28549798
34559886
33093488
26537522
6668567
22260785
36734713
29672104
16725134
23075409
28821345
17014379
31241413
30625030
10461124
28697562
20498344
30070593
17522114
30968798
31697396
23475372
33977580
19936932
28442274
28044450
16490572
22002634
18400930
33814451
29280030
30924985
34891234
25244489
33750695
33415601
35398188
21106701
21338872
25935717
33233361
11805299
33393797
27043232
33646358
26412093
33843669
28759270
17412665
8238648
20183168
28838289
406627
1232877
15950880
10708833
32767255
1409901
35895279
22994989
33076770
24669437
33625735
36351824
11773431
26322571
31095606
35288903
22623269
12005386
32497737
36708625
17295975
17059811
6830568
7175678
17508143
11083145
10363454
23544083
21365002
31315089
22596112
20407435
20212064
20385798
33709613
30327899
30165290
27807922
34734452
31521870
11054788
33180665
28430994
29513915
34153926
36650175
12941486
8829849
7211546
25516359
10529751
2923988
15796670
24789863
24330948
34985774
34410802
33604839
29509257
30336722
20881402
16195057
29357670
5265228
31600389
30079568
13944642
27934971
7142983
33578065
26003382
24016007
34655968
21365641
25656757
33421893
18488851
27626675
9523216
35775917
32842171
16186014
35581395
26248864
32054348
35617229
11159614
34716033
25260967
14968691
30851100
23486873
17315226
22119318
33043823
17162726
12634511
32628785
21288070
26032637
18689056
8565651
27309634
26529091
9075239
29799126
32573750
26371890
33342371
33390247
28476724
22250656
2580265
26093770
32456782
34806158
30061466
19957268
32741834
10450266
34970842
8584172
16286550
11601874
28726168
30086660
16466077
23685933
27108268
24230998
28726038
32385322
11149371
21075455
31985247
26840384
16162922
1511583
31112787
21145022
20432339
26810564
26041054
33990242
34674879
19363169
8806035
31296441
9357620
23335574
34730064
29704773
31522629
35564786
14104612
33836015
24482853
29906456
34386812
29944865
29369681
22551704
15448275
3171917
11522567
12495527
7675964
20875165
33550950
29681185
15161393
22078929
30995207
19024648
34244784
26230404
36479721
17645392
27028049
22085884
33089318
33200988
34142636
8513239
30842239
29565776
15947962
8255409
12196497
31446768
19377155
26534850
15890636
15582273
704733
18784415
21354373
36378351
24697324
30580907
14143096
34428792
29294835
30040957
23885926
9773236
29658751
31464284
23367003
30852363
990350
11180150
23100395
36502318
27880867
20375509
24493837
18340274
19768548
32157985
26644115
3764289
30947281
33631316
31188721
29070723
35872026
26652722
34151789
31676946
16783809
14755839
11137674
30101395
29869571
28771737
2186418
35179727
19735238
17931892
14216347
26858326
8851900
30178444
32388455
25028862
14326198
25297968
7608856
15584844
32686945
26595827
17596582
2103004
34633318
32587611
6042465
32821042
3981159
11812249
19638025
29667564
29464531
25379435
21740614
8258292
31373536
19222637
34292022
32056949
22082082
3426392
21432674
31230115
22780999
27189474
33529564
10522965
1752224
20025382
31358789
623859
9353709
22189452
6620374
36000169
35409655
19321038
18715569
28528555
12895687
27415430
10834771
26689437
31911346
31160537
35999495
34121606
8764668
31364774
9538590
32862010
34117794
31289236
23403367
26252883
16191447
1763879
33661662
35313773
33280818
30589282
7620315
31875313
34674074
6358264
32212932
2309025
16553096
34875030
35166302
18288249
12496737
2087331
22798396
31666352
6630542
11127423
9421831
26750512
10897088
24979665
29336025
6834244
29035740
32171842
25596879
29667572
29735156
27815576
27831709
29972213
27525832
31216778
31454343
1480627
6228926
26737341
35636733
11164022
20435953
12164677
25531579
21266462
7673567
24867440
10295408
11864642
32783968
3558832
24580119
31775871
23666176
35024908
33887281
15134760
29803403
29522820
35074486
25522192
19254331
9009046
7608995
26520222
6017832
29342646
17998071
33415710
18295885
16682869
33766671
24983951
16953981
34105872
31853717
18080405
1638159
18254016
35611868
22534404
2768669
26916574
30447435
20384426
30766600
3281467
31833911
4057043
25252749
30089782
10682947
15030644
26625091
24847901
31271098
29325563
20605514
16240565
16872718
24036088
34152008
21792739
24322580
24134194
33901047
25164173
34080712
31403734
25240944
24998042
18331913
34251578
28410524
32239149
535448
25164511
17312260
9613021
20828983
25164501
21219876
2531199
19187816
9539177
28970095
34029860
29481592
30761966
29028647
27576746
28395474
36482176
4412499
31950439
10753496
16840926
8436699
3739824
29477071
36564192
4074986
12240745
20213672
33899958
32788583
4050570
23148708
3725408
30398612
36095251
3623817
30036711
31732736
23945981
17184480
19376185
24998340
21396152
26810434
17377265
29482385
36510809
23785000
25089022
17547326
24067146
30412502
31340172
30901493
19763648
34032539
26284314
25437376
3555662
36754628
33129721
34479648
32100339
34332252
26749071
19648748
30326368
30702305
33176024
14698471
3694688
15866151
8358134
30086554
25753847
34902775
25164509
17113468
34098430
15796667
10417002
24836978
28176133
34267724
30944240
33569559
30353775
17211627
33757407
24018144
35210517
25074443
15365304
26484698
32870437
26214098
16556568
32171785
23158231
18766389
3064223
24908289
31872398
32116033
15125986
36395335
19435628
14683463
16628461
12736729
28126389
34245201
34384101
31228674
26686275
22811317
24954729
9862640
31025469
26690749
24117885
12480481
25027504
18289004
26211434
28810136
28531644
32826080
34217998
27072141
28420245
29277389
24722475
32191772
1638143
27063681
31539682
32969693
28889810
36771379
30587151
26563713
31176283
22288365
23152607
35358023
24914882
35137957
25022779
31677556
28671111
22147587
36103396
35987538
25748936
22004260
27005339
36612610
32159497
30058779
26471896
27380187
24501147
27189784
20097602
32608011
29852881
36708797
26696272
31698695
34801166
9170565
25510079
33935078
16451241
35536247
33413978
8924641
9236948
16345024
17558112
32360790
25616693
25164288
33734770
3567835
32414533
23649646
34558231
18660464
12641374
36069796
34986891
25112825
11102672
15841831
2687922
15783293
32729120
22229777
24389312
36473764
5817694
36084906
25867996
11709910
9030397
27117305
19857145
27420377
28068110
20846542
25850024
4689720
31177209
15245631
23096104
22514704
14523267
18589364
21888270
16596986
21728408
992916
27052723
9493484
8120221
35393012
35728573
25326374
17899517
10787108
22068930
8451525
20573540
33068903
18048103
9394089
34401957
34324642
12778982
29343176
36279445
32160981
27775485
32950231
21163553
25266985
30628145
22336698
8725972
21282950
4868069
33077581
8170759
20822208
31500493
29361873
24960028
24158009
36183604
36056071
17507173
31111952
26286036
23810791
27667320
11110001
3701852
28872038
30654702
3681650
15616175
22956675
17055450
2005299
25027505
19753812
27020603
29187557
30291641
8436029
30712323
31070552
26914107
8905723
16940411
23281132
36242944
23954027
34208741
32084218
33162026
24425680
14316953
14143858
32661811
20095446
3207782
33127274
10512921
21355632
15052787
16337715
26061021
18226923
35483298
29105546
22730254
19477338
18394490
23884621
3282982
32341373
30257077
35218453
31176585
20376711
26337703
21988083
23985280
33990236
19344919
34388703
16682797
24611794
15745620
31955031
17117673
23698805
33788635
35662578
33985422
17132744
28229465
24110108
21398015
28063742
22007842
16527210
28333502
25594418
7251879
34111681
14598623
34952208
29776624
2793407
24922080
4004695
20587481
5821853
1961839
20013761
25862263
24846787
33866562
23919633
1564083
18044668
30688022
31185277
20119830
18727340
29240924
22253176
31064572
36361215
31627738
36125836
19246913
21266038
31153773
20804242
19854433
35974034
711881
12850009
15333236
27919782
21535005
33123820
2370137
9573430
35338240
29999390
2654881
35445466
30623672
34915560
34561368
30849423
3820082
15806898
19069580
34784571
29427363
6490935
15582985
15494184
15254995
8559414
36302229
33759672
26224273
18655798
36351356
24095257
16870474
32471046
26857869
32962486
25772159
27388875
17270389
12428892
35633075
34275899
22846035
25157601
16112586
34601354
27501119
34098442
19693569
3265883
3688697
952433
33039373
26949920
22537592
30741680
18037391
25981854
645943
23481686
24969338
33210418
22497341
24259276
22832469
17354075
24259677
32593501
512191
33595750
24666107
10363192
18609016
25087578
34933658
29883904
717587
30422419
9854259
29367391
14593839
32252068
16404038
11271410
25404552
31951629
30797437
36071221
27431454
25000782
21907811
31925558
31123752
20363178
33857236
12107611
34047198
28883183
21506043
17877784
9687195
19140125
22380705
2680031
33397143
30784813
24607830
21908484
24244332
6364034
25443855
25618794
11102671
4506966
23780231
25164284
9260444
36279459
12921765
34412936
493966
33963883
35483274
35568269
26209529
16175157
33130455
25420181
23017084
1792689
3746622
27033708
20189499
16823500
28759969
34855695
26686556
22531199
27881854
12137675
20938925
15022267
32555322
4000852
28892638
30739493
29248667
21980485
25631282
31177371
33325273
20586731
36363543
23793059
15797168
21356173
32822711
34256104
9193129
31828289
34651645
27501011
30152285
16952205
16457778
32417778
36232215
23295825
21347336
26263230
17554626
26578315
33682064
25054282
10790894
4353828
36322329
31814262
12599162
20696255
9233540
34399917
30725333
28559646
11916207
30667251
20719769
592827
28871355
31498826
35145166
34486512
21391026
1939992
31465859
23356692
33090844
29278314
23583460
26186435
30107593
8871370
22455507
33181034
17547300
10193048
18262108
12088133
35180366
26447568
30929104
14621140
25352094
33733908
26589906
22806653
11247288
25466433
29967959
24313725
17354074
9577225
29089087
18720370
10585520
18797919
35652844
36199267
27156378
28442405
34181582
30732847
22940534
25840652
23668899
22224835
30080077
16046724
22018722
35879736
25164301
34153415
12897622
28698022
33793567
20053022
35577959
15314247
26364049
24928733
23739296
12643963
18265740
26410215
24872558
34547636
28118729
31276234
34565625
34057062
20727620
19748818
24957290
19210009
33569565
10716876
28669314
34246978
16059919
9405705
23701508
29430766
31782505
7962576
7507616
26267834
26010022
19793941
20853957
33801037
19815450
28838577
16359729
28625354
28118301
33550955
9421202
34718454
23656430
28443523
30094803
32159481
31185373
7251880
32928534
2680027
24000778
31561364
33119359
15804917
16473341
3061625
29979673
25351943
34435468
18484290
24586555
19836610
16750185
18389017
19665344
17465790
19665692
9142765
11256767
18160312
31758366
21295047
30702945
16186017
2293168
23512504
34219713
12799617
32576097
33466627
36732569
2224945
22504316
21953385
30389345
11043546
23736972
27557154
23875919
11821663
26920565
2469187
24140011
26365108
7226737
10363186
24112935
24598421
27245645
20438211
14726220
36378261
11301521
26363579
21826803
20298716
26147521
6366219
25898807
18163423
28619421
10822041
25939427
11273623
29259545
26610698
22264406
21175729
25805061
28027485
18833502
26901223
28685910
21554784
32402255
21330210
26972469
29494781
34387343
34741873
9746897
26272022
27769726
35961648
25163869
16756939
22803577
17630405
30345918
23876494
22807280
31307838
15305879
3305438
28946583
33575718
16574091
25032490
35363801
20873914
24502910
12514691
31931769
16842172
9502508
16480692
28107837
9260447
22886028
19471985
35724812
27589524
28969341
32946627
30632903
26073834
23607430
18271492
23302569
2354612
29363183
6259343
17760780
29909352
6491183
26093779
31352294
23809311
35346618
26298267
30718625
21394604
26804198
17294540
33899087
29185468
25164297
26786470
24660794
16186013
7521081
19696132
31826750
25048389
33385483
18019392
26629911
859986
25073460
15875458
20425306
34924275
7841808
10713900
29756800
20339199
25175970
17211049
23707831
32605685
32567975
16719965
9195656
35484488
15852203
35186469
20370812
2389307
16442813
21252552
25929484
26956655
33650439
20812057
33170781
29018982
9299303
26363793
1745957
22137467
35931237
23163437
29799316
11728794
23770810
11795355
16545738
23631765
7282650
24699845
32892066
2667541
19378411
33337379
20125050
16504321
23080415
31982777
14994318
1638144
2769776
23025547
25680352
31549906
33559380
25164303
36251109
34415450
27079562
31313840
25200462
2183682
17683234
27353641
8584187
26972468
23339557
35596823
22102649
33608552
27427391
25162306
31192623
31254738
6715661
24679948
21463359
32772966
26679854
16959488
35754277
9566599
21628675
28685971
33001669
35287787
28330915
36041417
21423580
12696088
30497654
32079049
2788667
27294425
19819429
19112414
11790616
32159506
12589393
24469531
12419013
15831393
24412278
17393676
25943798
32382783
35985554
29944064
26277042
19859755
35810022
27075921
15448312
8246115
15941904
22773414
26279219
26657021
26686599
20946364
17209412
24275543
32919322
24120557
10820685
18930644
32853359
22743813
32739799
23996907
33440301
27105467
10235257
24686961
32572039
32776851
5151299
23423553
1777752
33157148
993611
35623268
20030212
4634592
32682187
26856102
31852469
20584418
23084083
22652346
31196446
30314567
11780154
26809726
27627117
33006909
22438197
21398168
16961944
31161495
33248291
8687363
29470677
29511822
36637380
34151890
26617263
30503986
33657489
33336432
28295802
26279218
19517418
17479922
21568634
19608384
32420669
27530053
22672878
31703904
17936581
21563209
21075010
18726740
34281039
20561814
18406536
2302942
2531200
29270597
21517155
30967763
8687361
11884018
36542172
12160098
30598384
31920179
31749652
25646511
12217167
673628
36717236
28624710
9283298
22094932
24274727
17028565
27329550
21254542
9256513
7392950
17344500
25959592
2622737
32868436
22956647
11844922
2570799
23933469
32632887
23194477
9973649
30244030
16628463
33388699
19735025
30670647
10097022
23348773
35178714
24490252
19479979
30843712
5476101
33007941
15365788
22910478
15808897
26087161
3069096
3560009
12404671
25634051
15306792
25870405
26231761
29318470
32590333
6147823
31075683
2658056
36404457
11164025
7118317
396874
28969319
30063412
34657884
23726319
26715513
26579926
9539121
28193452
26299650
32893722
28294068
28545363
32841943
16359620
14045737
33372562
31680187
14183365
35158372
18697677
21818703
34996425
31179863
10082028
1147365
12428778
36717238
24011129
28734836
33771449
18160744
31495605
36301711
29453768
29125787
16318603
18038344
26021706
15738747
24293002
17377280
30102235
29614379
25087683
6172237
36571131
33785142
10534240
34287696
32917161
15100724
2251094
17337478
29200435
20001705
16127106
35880690
32159467
29031881
24434237
30328528
18768679
2367139
26762882
33856850
32231280
9818508
22834104
31156113
19356306
16501261
12683605
24937782
34508028
32812494
31916249
34880266
27685154
31435747
34534617
25807973
10739618
16059918
20555031
36094948
27381253
33474674
31317839
25961027
10857705
21872402
30205786
30284877
11273629
16532856
30172919
15447640
10852139
18801719
33579663
9044503
23547267
19299024
32364670
17488204
35731016
30823366
9928294
30160577
32472571
28937178
26359713
34181739
30141369
35292978
34268825
25659515
32358925
34038816
21466121
28485705
5081109
16913994
35624616
24103626
26286035
32591927
23327862
25929443
29760183
22608616
859611
23623982
9484355
24606792
8961782
31472398
19735247
9249187
29511807
34029134
10643820
16276356
16014126
27350393
30794683
22921284
14562870
34783779
16527869
9648525
3290998
28938250
25192295
17786811
29724404
20094086
25163617
34897908
25108657
15347855
22806645
12872620
8505704
26751739
26143337
23607432
7723954
10806024
2888956
34158564
33280069
3825659
9246376
28984639
27743685
25477246
26995198
29672082
29568339
11498727
18575673
25859578
34273380
6129823
29110618
33823954
26551893
31910916
23990521
32520734
25165001
10160568
23557934
34914410
27214025
28708861
9636787
5041758
414121
15222778
15717982
7352295
9142764
28649924
16048807
27288883
1443715
8354443
18491200
26406081
4815673
35102725
32729691
25682016
19627215
17149978
21612972
20502020
29753753
28384480
28640959
2775803
31427542
25618474
35577519
23575344
16460991
18476643
17627843
24123357
32375731
30292070
34579042
28130917
36314200
32054517
29648842
21437989
33566843
11140366
31732015
31927684
31553896
32199956
24973167
33599600
20373522
32203229
10739607
1818702
9845017
30636535
26189683
25741674
23483690
15363836
34425452
35945257
30658885
23317823
18575682
23384263
14762722
24815200
21640338
29753102
12744965
10890330
23451050
11161361
29188448
12876446
21669466
34978262
22379245
12798782
9209826
32933446
28355819
11548028
14614806
22464592
33660743
34695876
12909183
36767429
35199235
36232040
26629775
36055774
28338962
29295026
27439944
27102775
16147460
18763896
21177323
33146468
31898551
11795067
31002273
26749304
33612177
25596221
15533197
11913830
26145565
26809263
34151889
18775746
22030620
35661202
26051636
22612321
22989237
21541015
18476765
1787824
26148009
23022107
18681988
1502277
25125457
31518376
26427961
22051780
32159479
28371430
29560886
33503851
19634039
32342830
8576693
25459794
26059929
17588544
15030629
30224232
22367653
19232370
12921409
9739007
1634905
26149511
11494244
35839099
33834707
18154502
33438006
33902764
2295533
20434698
27697598
23827785
28427031
21724382
28485702
18575680
36395035
23379740
34082855
20346756
27443047
25669196
8071440
3762904
1866032
34972051
15264981
33137359
31229433
17717081
27928763
15245630
36146347
26224262
23156625
34414883
26883764
31241355
24938722
27670662
10671429
28464228
25164302
12235585
27339018
27663763
26407337
28774735
31081472
28514923
6176940
31140136
25961864
27037939
26980095
17346969
35244496
6125964
29852754
32336299
26671286
30316930
26016658
24103605
3964180
27295205
17266948
1178392
35180481
8477622
18442774
27917739
29252122
32736130
23915198
34562800
592565
11001597
29791045
26528654
32738662
6179144
22925076
15466299
17511706
32126930
7677722
9951614
7941620
27505411
28524707
34390508
31479859
28561997
24302930
25803596
18071196
18991875
10739608
28652414
19225275
20652723
24228691
28336301
35963295
25964002
21061503
18722597
33415660
17653492
32823060
16226819
3334380
31277894
3739798
12744970
30032391
33507778
26292187
7546312
3268886
12466920
26057868
6645513
30890191
30471997
23485515
28987923
11150226
32332984
15084812
30336606
3689297
24796093
30148650
12403995
20038013
31350849
29494196
32142883
21881941
15851826
33522961
16909234
16690989
23424640
21803211
23436633
25933960
33545431
25164508
30294808
20935215
27736138
19575617
29601918
33529537
35636516
34288179
25164941
27118642
22919885
9083646
33420226
36656981
21145013
14567845
2748291
3762383
31446655
5359581
20591723
10441187
33569562
16973382
31729523
25164052
15756518
31100346
26818870
21761990
27793221
35569203
9292032
19205761
19784854
31526407
15165553
31703967
33386515
24482332
24183157
24038191
2201167
23131114
22419540
25515905
23622338
36107693
26892595
22961950
34752769
25749698
19135654
7492526
23663093
14628306
35104435
8622243
31430077
33761110
26436562
20934647
15458808
25355438
8962025
17045958
27882594
29914632
2589139
23197344
32007499
35356890
25267827
18280714
31713754
28968248
22390677
15931678
25829345
26348558
26796293
35976980
8418144
25247742
25400063
28680161
22185239
23831565
27447980
30220367
18511750
36731600
33216032
19693600
17559716
30652609
32500390
849137
29870603
931010
33821376
17015096
12353667
33087171
8806019
10716809
20068033
23616259
24329933
18954472
6161786
33835152
32861989
32020304
19120423
1981657
15082935
30580127
29279227
3643879
25726919
30103346
18265568
5492310
36428074
25205317
25640642
2966233
8969979
31898168
32769064
22878143
21353635
31505202
30324265
23661787
26259651
32947265
24493633
33170357
27233147
11430246
35329191
20830644
18953465
23460477
24095116
33025677
24126130
31787164
33463361
26944218
17181707
20673381
17208055
29455617
11166079
31207542
23902936
4095336
33232191
30061462
23497828
19579579
22981878
33683162
17229971
23212723
17452090
17997125
8021619
12379417
24990445
30072355
33421892
23927975
34958375
24103602
7859551
28039765
22152338
14709237
24164417
7358535
24239121
29734051
28059027
19787548
33722823
17537419
2810579
33317659
24748784
7384370
12137718
16183264
7837961
24894668
31111955
15028646
25448460
3450920
31850934
10363036
23803884
31302719
25976728
21880410
19363174
12002698
35731334
15003368
23405242
32800305
19327970
33645249
29330420
11693584
26638051
15605960
30216899
9735585
11014712
22727756
16095697
27391854
25921355
20141643
31040655
22547403
25035102
22858531
36682287
26092566
35594400
11985065
26214351
26006338
4180042
16942895
16705499
23608361
31957211
25163622
11150224
8942103
30019794
18077056
33289065
31005042
34445922
24482335
16460992
21491302
26280327
21420999
25953047
36137945
33090847
31351114
31761731
35930032
16513097
35527576
12404694
17951113
15826340
35220032
10904991
16912125
9322410
33172363
25164285
32658124
27855993
25044247
10580317
27339019
33780086
33245330
30721757
23052608
18591475
23528579
26737200
34719493
31120896
26921207
2265664
18760657
7220764
36031383
11159158
22727457
2691185
25735169
12832385
30891900
30472971
22671768
25311026
15003387
36462414
34741985
3905726
16087155
30633644
15141393
35351539
16536671
15847575
11509223
36112772
32160251
22316897
22427245
31971644
35900777
10759166
35987918
30648527
31013206
36141726
19839682
31810425
24656834
26539545
36585141
31858447
23720292
15849893
26290484
21946900
18383545
33095365
22545854
28836318
18174483
23663479
28799207
24788227
25164290
34233577
25792292
36873920
24145417
35767153
25746856
24092841
21142349
25673005
26987704
16980985
29481373
16490417
35968646
2754116
31002885
33108548
18590364
4008722
19096888
30771143
25164051
26646415
25164507
12191448
25498748
36717234
29457646
21495116
31927605
25242359
23491140
16913281
1382333
25634050
25883956
22727757
11494242
28368162
35122782
30177719
16406122
32810880
32759071
2740700
25163636
22409099
17868666
23580365
16949888
26252222
28000064
16965297
18400928
20371190
26447569
7905190
36272064
18394222
7507614
1784335
15582012
23807239
24586480
30714890
12728699
32494849
26149525
30558938
32408932
33871785
29674447
17486989
1669298
27070369
693741
27349561
27570952
36220885
11043877
1600682
31541859
10816945
28841643
12931965
8806030
31383851
10489997
31787351
22817645
31942838
27537344
3843726
19186918
22086351
11495395
21288760
34507518
32747995
31129865
33464169
33451260
31590728
23935605
21415172
19847064
21926400
11413254
25162467
31034676
23574875
29948184
30127428
8787208
18991817
16530462
14990281
32602853
7406012
10487784
23234318
28942453
20192786
30822151
23663524
25555014
27067592
21426625
36031055
9322409
26447580
20493761
26306555
15812108
3963271
6062592
10873796
26428863
18755453
32948772
22277128
24259280
15905008
22987889
33166167
25164286
24942105
31382010
23205889
30569744
1687731
30474053
31306121
9843623
23158762
28844729
22539725
31918628
24435616
32223513
31422846
33169796
6877880
26913782
31729168
19160224
8833271
27012955
8219521
15795058
34273721
30355292
17717092
35587431
32442887
517674
29382521
25701903
24920351
35462104
24364409
1638157
35878526
12812799
11895329
29266639
27710807
16399265
27640140
8806034
25928681
14645147
31183981
29060016
35691473
31381598
27016241
16864482
1722361
1272689
4414066
34255982
25828884
29779741
21421747
19941841
34435814
12212633
30275312
9464883
22436414
26209088
26522511
29021558
30317924
29031462
9262412
22309827
27688007
17884266
33656964
33556226
33970101
20576465
25163618
23351048
32951543
22311110
30576850
9465373
11595267
2677245
9491940
24796091
22933746
16643952
20040554
31220753
16843038
31380706
31448938
10372571
9126403
33099465
33249177
20184591
7594129
20495111
29452151
23335980
25956250
17408051
29514399
22893588
26892035
4690768
28272263
1248240
23166617
8329884
11934404
27195484
26819579
31812533
22163909
33764209
29435963
25055470
29514168
29412987
8720886
36858753
4072823
36463797
8806028
18089462
23397182
23860312
10703571
26938935
35051940
26092315
26045299
23649907
18812309
31034161
33448906
15350243
18072835
26087459
24315711
9696742
10554384
31189678
24246136
7344420
29767302
17194046
20201629
21974867
535429
7355186
31511571
30302338
26595438
28703397
25168448
3678345
8356184
11795356
6612315
16854365
31610131
24200920
28359971
27601488
26263425
21616982
20811001
28495025
9706710
3410643
36167451
19477336
11107883
21989458
7441581
16709406
30877785
31291824
31227210
25079472
35196565
2724065
33460986
25039535
22115894
620107
23727408
21889246
30979042
7550362
30905730
23313571
29540103
24343079
28306147
18424080
21422549
28942061
33018475
15753039
25163872
27481975
25703191
36680925
35318114
33728712
35347195
35431248
33812770
17173729
27988934
22714020
24619443
24721289
23344884
19763611
18265496
15301752
7260184
22726693
23128165
32763546
35094994
33827088
32972747
33021816
31440774
2733748
835875
25773644
28353574
28437681
16490271
26030170
29712981
26806778
9285015
26514690
7390471
12898044
21607883
15018837
18333974
12404705
27122012
20363176
17117339
10924239
26786088
19124060
30204987
30160511
34535385
26678705
9635200
19526119
1179210
32672519
11302228
31749646
9668647
3289115
19713170
6856053
20117053
7239785
26540695
24830512
17893453
34783458
12763320
29455265
19309198
28917697
9731311
25755203
36858759
9167851
21482573
18282319
19629320
21450492
16357245
24420728
29752713
28097148
22459254
25078868
17983964
16843701
23752
19485661
28632780
27257964
33482925
27809671
15306809
21489381
1921681
29566595
24231140
8378672
10495841
8015596
30952798
29975361
30272115
23663865
18284031
22947954
35090053
3450903
28077665
36459657
36652834
30391541
25164050
9514282
35175068
19673785
2350306
25761620
31465492
27725292
29228862
20096955
10367275
34355669
27163820
662544
24595195
32122432
11957395
7900698
21054258
1407490
32681252
18629633
23850430
22483436
3929320
34139954
21761145
914455
25204687
25347310
15159134
34972637
27015370
17071129
19373976
23234829
9519706
8092614
35763916
22745675
16095553
27585282
21428521
36437716
30853563
33887181
28787603
22238909
28174078
31071056
20015542
21075237
32338773
23932840
31359600
30268891
34255824
20181791
36732548
9741778
29628198
30786834
16934218
28437438
3188141
22270145
30201220
11494246
9272481
14602363
32159499
23213672
16892982
25655511
16331356
32891273
18689020
35772624
26058709
11116794
10950914
34761732
29978208
27293904
22843090
35802308
25663550
19827465
31078618
24319116
19652447
28095105
21840172
27383377
26608394
23883747
30148381
10600249
24004001
16628462
34528446
36706473
30775978
34153689
19140870
3729144
20845730
35277591
16507301
32072931
29150000
35697280
22641753
7679231
22317480
35526514
30234328
34299076
26654062
26610416
30321024
27744417
35762490
9447571
32310839
31249067
33706960
35623449
27510412
23110071
16236383
26393866
601155
11684384
28825170
23532749
27664815
31917205
23883744
17181696
34623727
22258020
2285767
23211216
36693598
35931312
30606621
7620231
21928865
32162929
15660637
31923561
18621365
32503476
35909085
32285286
19351547
35231876
25619432
29573153
28799092
7234519
3364893
26010489
17721910
17020396
30217631
28425058
2204073
10643460
12570035
28654845
23084598
16594782
33234361
23518158
10836564
4080280
27025089
27355774
11855129
9530497
9747185
24482329
19467146
35786657
5787856
17925264
18428667
21335994
33082298
32767046
22617099
23356781
18548348
21893881
25175531
23073583
34136972
26651352
25164292
28202735
21215768
27988874
23663284
26590138
26869362
17071224
11345513
14643178
26251263
20206924
1230336
17878213
28514892
21857816
35512348
28966075
8806029
26377505
21853422
23663916
29797123
15607687
10909874
35838366
24654735
11752494
27598268
35136988
12532171
32601990
29172564
22332189
26213509
15116981
27023736
22389201
15765453
29436765
28711747
15695221
24866007
25218105
9136275
23419689
1682849
12973519
12679997
32475334
24524945
36456342
25145832
10625964
33150741
16206292
6691784
27152671
29486627
27730509
25016833
34589175
31732018
33990770
16018331
28100252
28803591
21270879
16920622
17366271
11997485
9103122
30403711
33775745
4023148
35347843
12486446
34642344
29372339
29526458
28877864
24117730
31401841
25762288
22518055
22153158
19998560
29777970
11458841
25500838
35421780
33788106
34355305
12521534
8688783
15587947
34521038
16815500
11494245
28577445
11833025
12409860
19938210
22436415
18381770
9803764
3059246
27431673
32791391
25449715
30838683
26689706
30007163
26482260
23790393
19528012
3591245
25464920
33782462
33592367
9604515
21428862
17007810
24565941
23808357
840952
32468926
33271498
29113810
10087936
27151596
32693426
34974386
32833008
28632025
2203101
22002448
34670135
22098046
21749957
8725969
16731496
25068671
10789884
15060404
30973264
32036691
10071714
30061460
30530124
31869710
32155469
22161750
29847303
12667537
23663552
29771819
9237359
35781584
15672372
34883464
34427470
23609998
11433789
2285768
3466774
32174232
12635278
29935741
31078957
30268880
31362635
24005828
24858635
27422875
29662068
25098724
7566749
31107673
3209368
25307795
11785584
26413738
16393883
15515037
23575598
17471073
31893027
24633471
26357200
19487184
15541707
22745347
30097192
7536535
26771268
22292902
9339456
1505438
34240109
23465563
35346747
20980231
30982463
19620101
33693525
8788097
26412099
9378612
23408362
22886021
28661004
31491471
35420833
30550256
30372678
12879699
33546613
31408614
17019889
25387041
22288925
17496805
22504726
6853047
30639507
28631821
32348415
19273839
9787055
26097130
30706798
24576631
28761016
28627010
36266559
20844477
24405359
19085309
22777798
32906122
34989910
29927701
15658037
15521788
8295671
25464767
20656210
12940399
31678779
23803298
29874384
26192390
19428288
24929559
34978148
27392022
24891564
9555611
22309052
30146966
10191879
12613670
7482808
18189009
31269862
36302491
24966217
36042862
17294106
1579636
29848655
32778106
36114953
33141786
32589610
20417705
25219968
22095775
30126690
34131891
20888907
21475373
33438751
22670852
15964074
11148897
28161156
8793123
26431117
16304701
7529443
27130326
4085129
18302126
15753050
35983864
3055294
25994491
32664019
36202256
32755447
25412352
22474760
32730728
27391367
32056071
10192639
9627414
24529816
35871331
28447809
30169972
27608921
32444543
17977481
34313182
25536800
4744440
4323314
16384553
20546649
18399892
22709407
9119206
33851546
26170005
36351326
26752604
29305661
25164399
15458810
10050926
5833280
15876902
33580813
4041702
474731
16777647
32268974
30062666
34900900
36167217
27397575
32706680
11724464
28322422
30586547
15738750
34907594
31599182
10372471
3317574
32097992
27284790
10495842
34161947
35569642
9439102
18342341
36587708
22260335
19789167
27533898
16513098
33314497
23194853
26409018
21942695
28459260
27355606
31835190
15850883
2167596
25621820
10836558
19344895
10643468
14529997
20401807
31070403
28406373
23973007
17907076
22856620
34057407
6701242
32980252
9402943
25677525
31958406
23663531
12575494
36368604
3720399
16464680
20146115
16304688
17399884
31891516
10665018
30810959
27575653
7080884
23676264
19477325
3200503
24096208
22948284
24282477
17510823
27239750
31477385
28073047
19948689
33942423
11163896
11721859
26345268
26454180
9676828
27751466
6641509
29558047
17158498
30097202
35846877
20603029
27882596
9440344
17434415
36695854
20525544
9322406
28486176
15668096
14656506
17555816
18836259
26187712
25963303
21570341
30235321
21915286
22592017
26738476
22197529
25031187
34023938
25941974
21895440
31578909
32539487
23330339
3828210
36353888
32183629
32114148
35017672
16482867
17846270
33459648
10706223
8513236
22316943
21287493
23057195
23591603
26688002
19750086
9182062
5010668
25471259
33109123
31026672
6697151
448045
34256163
31964849
34153687
35331781
16901542
35638120
15925808
29490482
24568572
8349288
29197964
31745689
23663725
24935627
1961834
24147101
8229283
34415217
17433514
11164024
19225233
20416855
28034728
36412517
22506609
25129432
19348252
22187051
20589952
10668352
26896903
26399220
36543878
29459238
25596355
28715230
12175448
35182881
32828357
31749647
12421655
31196440
25563449
35104921
16772858
24890334
12212777
27582502
33232274
11672703
25912428
34343371
29747073
24270477
35248198
28918714
26896559
36568790
17995485
24942247
36409121
9194966
25740762
23171329
7330143
26144974
32790457
31383428
23663550
28159355
16082815
8488710
4056301
24021711
15335460
30877829
28914472
7953593
12677077
28270327
23165874
23941240
17983280
36218124
29684402
7275491
23663363
15082417
19029541
27329431
24920442
27148846
15695222
12208193
16613060
21964053
18723676
19715722
26718790
20946960
25760551
25812826
26708317
21405725
22220910
27315761
20800989
31609166
23944115
34089120
31023334
27206250
2186421
35225214
1258810
27363462
35960187
32887535
31826779
15639437
1399074
32524146
33137591
3820067
33017131
18670244
34543393
33539149
20196299
28170111
429652
23732732
22985720
28582683
19365071
12847296
31421141
25163876
16450320
24455806
7176908
25432900
26524870
19346501
21604824
34807791
24341738
26401761
10575984
31957498
27078743
25903452
20561898
36257489
23680699
23746759
29584457
29073509
10356991
10481183
36709700
24564105
15926710
28862423
3186475
33025410
30411516
1403995
18567247
29425897
35074220
35178621
11099635
109893
16669148
12488949
12111473
34352370
19397387
28779872
34994304
23942350
22779312
21860092
27568309
30294804
8269697
17486999
18468941
35039498
20424095
9083647
7871101
31399855
19171326
28817470
20811946
27018559
30145306
10890817
8801473
24849283
35090001
14583128
21575877
26390634
20960482
34582229
27398417
9879036
11220445
9061773
35522565
18448316
26559949
17823344
21131611
21541459
10476953
15040284
32013526
28481420
29851991
35134659
28843414
21723437
22369223
23395596
14604025
10372508
15180806
25164802
10370883
15697054
33119057
24839893
10433756
35174903
32814097
16609812
31439334
33187688
27402636
23475816
35748513
24518680
21443378
20192560
23954562
31764975
16289992
1740261
28923532
9656235
16581516
25420777
36617780
23963953
31424391
17921464
21443348
34078975
20965156
26100564
21725241
19378872
29273344
8750413
35739285
3477440
16182596
21175007
16731323
26613996
23376021
23835930
27535872
18338244
19008846
19058796
26239755
7443024
12737934
35064204
12004948
22760967
33721599
31600223
30246589
19801893
29052802
28526128
17617663
15058876
33709849
35750700
1669295
36086031
26953847
26578288
18320047
31039675
28029304
26483151
6355072
32445136
26755603
23663693
25616004
24411119
28376726
17159116
10739315
32754829
32729404
9477603
34043930
9850829
12907183
21927850
36701805
30961472
27519124
23737631
9849112
19233607
18226721
8665989
22806669
31590742
25569764
32151265
35101459
19729333
23663745
35170682
29331916
19058992
23750831
18452000
30064315
36736379
26768735
20643576
27160060
32869379
22290199
29709438
23732733
21238953
28341686
23855494
10524604
30803872
27222110
12915509
1558711
10416939
16580383
8169056
22395755
32979845
3989363
31615592
23232336
26645464
23954489
9282231
34514889
28835510
2552433
16035401
12754695
24723300
25133639
26706693
31254878
19202338
18194832
26799170
27161428
21519256
15939546
30005311
11297335
33785152
18757639
36100589
8527425
21480384
35257711
26506562
8806033
8331313
34635163
24450166
12128236
17100062
19049952
18421712
11198706
26595683
36155510
9426502
35512500
33132156
23276218
24430617
2928444
10843256
36219687
27662450
35171810
33763526
32369197
32716045
27634004
28463523
20625097
15102137
30095685
26712309
32879315
15266253
30014452
24033333
21610856
22292801
26182906
21718272
34676548
28480821
28489015
9623003
16387720
22116313
16420192
27074723
16447390
15450164
11883162
23571071
25109501
30824848
27908561
33646514
22253178
23157627
35621327
9795897
1497256
6948681
1254757
27527736
25788229
26424423
33973143
29094664
33275057
26875565
33818302
25532797
25226931
36209695
4012227
30522310
17485710
36162973
27841690
5133816
35688111
18361676
15147494
8906404
31865930
20695715
10731845
36640346
31565758
23814868
27893868
24218908
12470698
2719520
733001
30091632
21115260
14998740
10080868
3308733
30923475
20373470
33380616
25247443
10525173
21793346
12048946
26747463
31588703
30121930
19680553
28969343
24033505
32506992
17224164
33436135
10394045
29373323
31696974
30882789
28429636
24593808
21304134
19037940
31606188
6699249
35397187
20356574
16191591
32159519
23069842
15245829
2094904
23483964
31256121
30632014
22171084
25822216
19884864
10380418
3111827
21329746
10845108
20438257
10363453
32890393
19924553
23663435
23964204
34212754
23663509
26003527
31368638
24997101
3211290
17435629
35169838
15224870
18952468
25892258
28088714
21451499
16054727
27339012
20181996
31818543
7455701
26273794
31557550
16533129
9301341
36603691
24846208
15505968
35995756
19965035
27363384
9278962
5035326
10739610
34004139
23863756
23033820
22085789
10067233
35835560
17613107
26115775
8866544
24364855
22864869
34091000
18524902
26910519
18489826
596282
32134303
36653419
27836736
22850266
21458503
19409719
22802041
12937351
15500967
36284130
36673984
26721174
34605378
32616085
25143069
29105204
24548244
8038588
17210874
35722763
25602188
17887117
1306759
23663866
35389738
29643218
23663456
30423472
8680944
33626046
34145164
26525993
25758054
21966526
21920709
31247129
35038562
15007986
28447822
31531012
26447582
21951591
28623153
32275880
11177425
20080773
31328953
31707059
3177711
22434810
23608363
7649038
12917744
31317394
23663525
27666392
21126182
8806022
36335835
21085907
29664917
29886366
27757821
31252157
21656213
11752478
26553223
16247788
31726943
31773254
31505084
16566233
32185862
26698018
33464422
27798250
30923474
7129703
33990248
27802359
27511746
19244675
22663351
36068298
18949833
31220772
20070574
33705213
35288956
23849795
11318884
24135168
19269881
20166957
33275632
32134302
17673724
23510580
23416180
29290363
7727262
33271398
28088647
12543222
11460848
16505302
27567318
28666827
29167090
11719197
11596827
11301517
19010383
23619163
30097196
17079489
25701175
31188356
25850330
30928115
35388496
31393997
34787077
7129091
16900839
10474208
9854261
27792968
28825847
23642840
34285287
24141205
24912071
11527353
33764095
24297434
19744515
19120425
29728959
30197048
20026186
15312332
3539578
29326068
22289041
26208632
10573881
279253
26907296
15168916
28849893
23265405
29028936
30597311
6875374
31437719
35779333
16942974
10466577
20965001
33469894
10532153
7925543
7347765
28537326
35759209
29363029
18590473
21347864
19138864
24799356
15832049
20552173
15854012
26160027
8725968
34677628
19243667
11388133
24943900
30565575
22740320
23367004
34057668
25420587
26250692
32662376
30024067
32437183
19156088
31652265
27240102
10632150
27777800
26607670
19847076
2136576
28829959
33902510
10522948
18269902
18187658
35241502
31771056
30901293
23663324
35922143
32067693
17346857
26321734
9303276
11237304
17464545
31026622
21616537
22726604
28235756
10590979
36282991
29118434
25099639
24752150
12812800
36719249
35843420
15590616
19351584
19120405
11494238
15887593
32657495
21753106
16378640
2294656
11906704
24731038
23789635
16516533
27460150
23663652
29914995
22549724
25547149
29158117
20598626
15820551
31590740
16093225
35172191
35635515
32860945
25810927
20219287
15695228
18810520
28389030
27853998
28131891
22898470
24825172
24691586
23628534
32456354
16807064
32785237
18600575
33618197
30934861
29694845
23040811
34763522
23663410
2730486
23245196
10744919
2674861
25590899
15491906
29542133
36593490
23034576
23663312
25205773
26537868
22493672
28958805
22262561
17962551
25164938
30638131
17181710
29529521
32659657
903487
31515473
23663768
23663446
9755470
28440193
29931286
26538267
36388295
29376872
31119462
36227342
34086693
21319489
9185681
29769157
20001983
20555167
10336099
645417
19634038
24287802
11347866
23855232
28595046
8090441
14521861
20673783
18254448
31374177
16474310
25513971
3135996
20606435
29324460
32709551
31112605
24459409
24999912
36097814
36220367
28369811
34011161
23563751
35677610
20723568
16178025
35613892
31172394
12812804
30092339
10097009
34536696
19635092
31064505
29992421
20004591
20872769
24577204
28961598
30648801
29342598
23218519
35449299
19551462
20026469
30716610
22253182
23663557
32416127
20080877
30033618
29549801
12090490
26263064
10522734
26935561
22330776
23412583
24826999
23063599
19772371
32557634
14728216
23219452
30017040
17379436
22884319
34170265
21988388
35104015
36202893
29214826
12952678
15223510
29193776
30781622
7099811
35597881
31497976
6661446
19445395
28957676
23562591
29994281
23834004
5054029
15819305
15112507
17703749
23022448
36607218
16187865
29958513
25900495
16020368
32622791
17607642
27519459
7373243
28665526
15446659
20678083
25708527
33463367
24939580
9472170
12876437
14690276
7198527
20804290
32249313
21967374
25631363
26082131
25783041
24423151
31048096
27983549
29933770
31030876
27528478
32468457
11527355
36709288
16117588
20873036
10353085
25691518
20804380
27085766
31381986
24246058
36355692
12073660
23883743
12737935
17983277
26702989
20824792
32505173
17019880
32159474
19505683
31912331
34718312
29508953
451029
24942498
26523426
32196682
7201064
15617893
36227284
30206151
22492746
10421953
9142758
24731039
20432692
24697340
11150222
22343058
31771401
23501351
23596363
11084324
22513173
18485496
24836123
2659817
28924994
35134913
11400024
11839418
33784376
27100367
12217008
7411391
9104934
8453421
24252493
25190210
34730571
29275004
34664547
31663150
32958170
24648415
31621185
2605437
24709569
34668171
14656502
33592006
9755464
31610436
14978394
26735553
32253656
35061089
26866766
20619727
35230598
18193327
32618552
21304142
25885790
23053596
25570538
30684785
19733483
9951709
17524648
21734162
27778753
23460492
28148724
7391256
20882866
35398628
29779440
8578064
15136703
31006374
23663424
26302741
19428287
35905708
30222844
35802165
34410089
23233157
27828593
25041751
23359420
26341050
20026246
31064612
23663756
23663497
10746596
35437271
26435254
8534788
11108100
36653210
10358921
27766661
24972928
14534630
23874778
27118709
17854580
21763643
28940761
29073650
31805383
32925067
17140747
10739600
24106134
25736237
36669522
36434768
10097769
3664102
28385461
11214204
29446012
24582436
1780204
30145714
24309253
22414919
35014599
15740414
22155274
5787859
7288346
15811229
26187058
33392953
31654505
27581483
30389839
21107538
24324554
28615651
9808453
33033896
25592981
23747085
29183684
29783103
19766374
3735483
23820945
15864821
3191308
11011978
17257371
33557719
27209150
34199243
31670548
32989718
29031465
33035432
29473706
24101628
25760097
23178154
24060670
18196356
1787049
26517876
33196354
33957389
21533680
30980603
20809791
12087035
21767264
30787367
23276276
30152269
17371112
20200841
17923222
17474991
31220836
1922580
34635149
15694295
3736831
24909775
10632143
9322408
25179216
26325213
36442327
26356042
19429078
19675102
29022119
19575315
25105951
24387924
16011062
21142358
19135653
30450952
35297533
7874589
12031147
32471352
23499720
24090438
1955527
16456912
20946365
21923646
16085386
11718892
9755471
25071135
24205330
10551035
7360831
32192446
32408938
25749699
30941401
10857656
18383735
7288022
11910787
15611726
14237178
15370176
25065230
30144749
19406741
15895615
31785419
28100405
8316092
17276088
28626937
30195178
30258059
31062352
10511436
14662375
26263228
16542539
30878854
28395578
27177250
25756990
31086374
31973776
28002893
22727758
22897132
15582919
31569467
24331882
32165353
27591821
17250615
27604630
36472982
32406711
22045480
25451381
29124777
20413489
14658305
25643286
20146191
17435957
32202828
20860617
24375575
36116764
35742756
448631
21365662
3981170
22253179
31561099
32503473
25935728
35120480
27514774
20452297
7839799
18258733
30887386
18280120
28489500
11439711
26088038
7109617
1100706
31220854
29558588
35369784
7169603
16719713
26695683
24955884
28919445
10095326
28756501
25261907
20231732
18257971
14637328
21778403
24295534
19037936
7341826
21695391
23663498
18504628
25499674
18824075
2020796
23773057
26555341
29355103
17107492
29843963
1794385
29229206
1595984
24615582
8576408
28544983
30933830
32310712
26491431
27123674
10579419
23663591
16832687
34252528
18501062
32444827
12459210
2658662
21814148
18508501
22352395
23663678
18976990
8753946
21744222
33159430
16492261
28724914
33057378
27478142
29773210
32135090
10536223
25845802
23271317
30743154
22882948
24813805
33545116
7964441
28600740
13587087
31790922
2090845
30041236
35688283
35065956
34674579
28625942
23910718
5431026
22590571
4412325
27449203
6837815
19675403
28666470
26301725
16516934
15034712
30556461
35581425
35982138
28781588
23883754
31072850
19474567
26224274
35313778
27705074
28056735
29092624
21193492
20728556
29687453
22299052
26851755
25455701
30462843
19554047
32005445
18992792
27492369
18273609
20609270
23771207
23913307
24501146
35098610
33197570
35490877
28557488
7294178
21916740
20804274
32412307
25203109
24982591
14597308
22185236
23257188
25583245
36584439
21929281
24480458
24132840
15620228
18337084
31651199
9627424
9071636
24782046
30684088
8844876
31374745
15358065
23629538
25164505
31049725
8753933
2758193
31134350
30104372
19680709
36735330
26930533
26643013
15526967
35319699
25012710
3728131
35220690
24618458
9426797
21957087
21391023
8811979
26994348
36695428
18729565
33153511
33370208
22121933
17853133
10822044
20594549
12404706
36293914
29501837
36426782
31116372
25711095
23895362
36827315
7146844
27481112
21360118
21928933
3289116
35531593
32315877
9585961
36356338
3217191
10213799
12495566
26402402
8806031
12563280
1261807
35804259
15006466
31346281
22429042
20494869
28080970
31736188
4004732
29700391
3305439
9586439
32677447
30665339
30554105
19452297
20810700
33926045
30098177
21790507
28483638
10571501
18995825
21856317
4833202
4780119
30896408
33783883
25549024
22419225
15222584
21597926
16384715
25314145
35475386
31561128
12410901
26503343
28953080
25797529
4246414
34950999
19076482
11321198
18633818
22293568
22923217
36369737
17469987
36078366
32716851
30654180
35428698
34494357
21897305
20392282
27311696
9049084
31429912
22150209
31502423
36700442
26362284
27736671
24205689
21507542
25202027
11785504
1648719
28017480
19925622
25701189
34253837
23942347
2699623
17621495
27996635
6878516
25016857
31460945
26594787
27043141
29239631
25251492
22587940
29683019
33478614
29453130
2310783
18562421
10965509
36210787
32500619
10768721
30926992
16289990
25839039
17234089
30097711
18631698
30923470
22947800
8316091
15555674
18094665
30347621
9206549
18292066
28950223
24754807
23869697
23678523
34157944
34753141
11790601
23628449
34910931
1823781
23050509
26844367
20682475
22460629
33356492
31502533
26482543
25077406
2006234
26350158
18328871
32525228
9662055
26266937
23174433
32429473
36858467
23382821
26365136
18179509
19135642
16563537
30232936
22260217
12880913
21365438
20579932
31836315
29566792
31175211
18769731
22746949
17958712
15129844
20738006
27457190
30219036
28851576
23565791
17547308
30340071
26522508
32951313
33166168
708117
15050668
33144137
30017009
30407937
33866922
28869394
33222532
29031470
10380874
30104437
16834502
28641120
12634042
29388825
2231042
8422849
34607945
1823786
22285822
8866543
28992530
17438217
35373862
29456134
7846187
35396122
3655834
23692530
19783372
10188706
30920303
25995488
16626831
17181703
24725153
34710509
8223367
27478646
11707079
17385999
23972418
7032653
20152859
30630041
18243644
17868642
15023497
596350
29574780
19172909
31673023
14677412
28045279
35978066
20235382
24841325
8312755
25481464
35298225
29907812
36725632
1798426
16421518
2464766
17400367
31375408
36049633
34375799
16601599
26637968
15864820
26706695
19760896
15450512
29180769
20500339
16123523
29106402
20011111
15209317
30990335
35033839
21967165
23101362
31327759
25650688
30611286
23409375
21865577
26437830
29848469
36150810
21411856
21376657
20606245
20821062
15639435
29223033
25952367
21732170
34843355
19875113
26694702
16036454
36451360
18231116
34606387
26078086
35091993
21131070
34151814
24253807
23345211
31735152
26350021
35334104
21291156
36369005
24615583
26837477
27914314
32253294
31427172
21466124
28025637
15767477
20382918
8513234
1888986
26078368
10597580
22515829
24623058
30923479
17588742
22927575
21378106
25205661
10430419
29436040
8962024
9059779
1416470
23365822
35627358
32277337
30277625
27912072
34017031
23043625
36222636
10822042
24118708
23336538
20403583
33246649
15491905
32360791
19140004
16950112
21930203
28493742
32434429
11893228
31485802
26296774
21794850
35245763
31697092
30602377
23595847
19064778
22480735
31935624
8827132
30924704
22294287
30566689
19150462
26596550
30629631
34506912
7357384
34556008
472746
32441357
25187977
23437183
30857864
36086855
36581949
15953692
20705502
15727505
36073767
34339907
28057830
23855069
28506289
11018818
15242670
19339395
9259438
19902705
31468065
24496057
980000
30010407
21928924
31160222
15925571
11488380
11642349
35579206
21075240
17663595
25017619
26407588
6651397
24867441
25119464
21203792
8874599
22025421
32248774
26255037
1296214
11301242
25840425
28756110
28236075
36273366
16151707
24531134
31794575
9153163
12396251
22968978
23121350
25002037
30525858
29410219
20627269
29080419
36222936
17276131
36074608
34731014
3558850
451541
15660633
34654322
23770409
27100107
23507382
16310311
22185234
29150139
23391594
23399048
22483296
20406308
21748287
32410480
27348498
27580461
27870846
8064220
27032289
3559375
30949576
22179158
16509907
25787083
32823200
7335839
3039561
18391320
30658066
15138753
20363177
2891350
16317184
36242826
18079417
29121330
29116931
32649910
25516372
10499005
10513855
30404574
18357682
8256013
15971644
23758923
34391795
7934950
30097205
30475022
23979141
21239141
25486720
35313260
32900395
13130385
27138956
29342622
27354073
25241311
3654094
23893849
17482741
10607648
3749312
30727825
10423931
35396121
35975319
27039223
16779946
35260845
25618010
26381811
28355795
30240840
29355335
20589953
24169311
24091591
12512640
15139076
25621742
25270667
27224940
31317698
9155498
12902996
17296035
27216097
26289488
12048943
29656091
24632464
35342958
16459723
29914734
35751854
22491864
27611242
21704718
26930286
20020357
738059
31585371
10881252
20933437
36082967
31332720
26187032
22185071
18820416
25820809
25299945
26728398
24335218
25664575
25267825
31140569
9670600
8150271
20685608
11194407
27690176
22383105
3596070
27441735
32121478
33370789
27454675
28918315
27882595
19626760
15694305
21704783
25645172
17071232
25820874
26289054
33483128
16262995
24760795
21585176
36347942
8811982
28003154
25373092
26956657
23149295
28887227
31268586
20082053
33037309
20717038
25568098
32652208
20565180
20096302
16427733
17650991
3480119
30920245
22253180
17599406
9843624
32757819
36722250
22960116
27692728
32954902
25003917
6739672
710267
12134284
31875793
24869711
25246587
21244188
26827644
28704734
21515547
35792324
31826757
27879960
30429054
16563808
36329316
30379815
526248
20856244
27444539
25763665
23964423
15508024
21689713
31568196
16787186
34378411
32260234
17167906
32791166
19309204
34128780
26993278
24287997
30537871
30376565
26407097
34498229
9055105
3070105
23060125
33570212
27829499
29184210
33462472
12066448
25286068
22545658
36253008
33007685
12206190
32446915
25164053
22119154
21106893
21544842
17995815
1815224
31758820
27355769
15917067
25549327
18092670
24455807
14654720
33821515
31411154
25676989
23558149
36243670
21591910
34624641
21205399
21531543
30767085
28648571
11274987
7326084
19477327
8968709
28247203
34520568
31337859
12062458
26103207
12938130
27371802
31699687
22384982
22536819
31295254
28844841
7957485
24744122
31065890
30396706
21737311
28759803
3717057
22628149
36402086
30688499
30359610
26020577
16453056
30039741
31367958
27069046
19944429
26593881
26927850
30414539
28110494
21878790
26505900
15556023
25943781
26847336
10533100
28728803
26774692
34970718
18826669
17557223
18524496
16406759
27023110
31957695
16579174
35176721
25388075
31259564
30335430
30253259
25619431
31374461
22815800
19525209
14686206
25001609
17712350
19859782
12496300
24145817
12371518
33693798
24293013
12637690
25266552
24531906
11827095
18633849
28734975
27393913
19664456
26988387
29137902
20941524
18930641
29730400
8279301
22207634
33529687
5496422
25685862
31653463
34237113
33621970
24561917
35870301
29499553
31456428
15259285
30719960
28383988
26648140
28681740
35843726
19774536
20589439
33667974
4642389
15491902
29462641
26062583
25092390
29284733
36732871
10570876
29659685
1677551
8588494
31580119
25723018
9352289
23793547
36638860
36384679
16146491
23563095
26230638
12889199
522172
29226757
20679522
21365164
34085974
26159680
32942945
28002755
24183716
25328842
17444969
35536880
19024061
22268721
29660936
32442809
25456566
23624490
24003165
18465179
24838123
15784439
29402737
21097989
26454405
18369151
31211388
15203020
11413014
26584306
27617349
24749790
20833514
36364881
35553644
15911133
30409861
27193132
26733191
15279327
28591067
18625419
10322184
23841785
27512019
26112128
21383069
20603354
10036206
21304135
31461816
18380864
11316220
27719514
36029548
9799619
32037237
25268837
28869843
10378015
11898568
19505812
9099396
21103918
24258869
27137965
31705513
23776570
36571134
10322180
22245029
25732892
11398012
27905159
16420208
27978890
29249513
24324236
26068276
24856581
10836560
31857115
31823045
12840981
18044737
26714730
15724906
10584320
27870413
8883824
25255899
29878036
9526080
25649853
11161358
30299249
30876770
25861633
28609720
33675344
1760375
23542415
31735247
29758965
22534578
8689998
29100150
17503124
20512373
11329357
35066398
20967592
19930261
10828372
28182457
29373302
35360913
9742177
25003803
21129363
17980408
33536614
11156197
32189568
30573783
24486730
16219391
30627769
24576818
9481752
4747381
31805866
28675496
16217699
30852910
28756038
2059149
23172763
30601822
22723208
27028986
25773610
27743537
28287586
11013894
11202045
29031461
16670246
2027484
25030264
23422492
31278650
26514042
10572465
1454502
10966906
29306521
31974544
7991006
24205112
30368582
31346756
31079226
11864715
25124503
32711216
9772716
32229139
3531980
23370060
21172727
34137651
33050967
15258658
18426687
32200766
28584092
27252299
22421167
25747601
33125507
26615628
17339013
12595582
20037922
26869843
31866655
23826633
25001316
26918741
17326504
26580743
16386941
33356448
23579673
22508852
2290505
6536843
12672081
27622982
35521807
33057089
26505098
1774150
893707
30550336
35687312
26738105
36229767
12020739
35175091
33675901
36098120
31549430
26877104
26606853
10067783
26013969
24859237
36745516
11319565
25259846
17027226
30097204
20739194
23090006
15694228
861717
21407245
26970853
29171104
21247885
6972600
12602428
23334108
17019891
7110878
993456
28780313
25922937
25486837
23185088
15118012
7984136
33827690
25227017
31501348
8515966
30710676
26584966
28966021
21352718
9725745
26322984
25285785
4824073
27189466
29414945
30610833
31374766
26884745
12837568
19702767
32106748
32352804
24890162
20714058
35713787
31071713
28506292
25153966
8426882
30539371
30244286
29436918
35429700
33661040
31218337
15707903
35115910
29017088
7989165
27928748
16396089
34773254
24467254
21196437
18707769
35483320
14968150
29260313
31913075
30375756
15858194
33045322
8353062
32918699
9675978
22960226
29649969
29198138
35934969
30099809
29031474
34225797
24145427
25605637
21531248
3332195
29671803
31196436
19107632
9133551
30744488
35640465
21939966
16385643
10815776
27634685
23242355
18448852
31288976
18678252
34864587
28006029
30223945
9400567
7481272
29984586
31946187
24146391
15928306
34813099
31749649
25200189
32525427
29139320
3315145
25163621
33443937
32749041
19650082
22866687
7989162
15084794
34715522
28787239
10643756
29173139
26969413
34037503
31775919
27118562
17350699
6892036
10024983
29417697
32234997
30556723
2701178
35652984
25217808
24873737
33774078
15810765
33263298
29886253
17074530
2589145
26712539
28355855
18923899
27639066
9437447
24163218
32250300
9817662
24041837
24732388
22506878
32758672
25314679
10433757
23973556
22029559
36316961
35400221
27282085
34823141
20565170
23503390
29733882
30909931
12466921
26541384
36497911
36231530
20483199
18020722
17885992
10609979
23058654
10635001
33724148
21269786
29802344
30559053
30282500
33501640
26001157
10096996
20034720
34648562
30981451
33627175
33219456
22734052
16640253
23038656
9491878
17155582
1399756
33892000
25933674
20207344
8093339
27339009
18002611
4712957
10402342
7502660
2095657
24530293
2736337
11124351
3265009
30295102
36273770
12644846
26913622
9247893
876789
7251251
22927576
2694226
31826770
22525357
12433971
2617852
19524095
32409947
19386174
33738691
36547738
20805610
1952421
26806389
30144670
20400937
28141884
31706916
16776787
23054829
28682652
30390829
8556844
36192602
6193940
32862065
35395926
22524361
28605213
20192536
25387419
17346837
15668098
26754642
3823339
31060895
17944103
14584018
32744760
18162048
33933666
26964464
20444659
14569928
1973555
20980735
9572103
31833401
23508796
15779679
34182008
8920174
3860137
26237554
29542818
21192143
31487827
23916697
28946866
27402596
22093250
30010469
30093260
9047262
1049847
25347304
12531134
24456109
25724515
7242752
1736848
3680537
32079560
25571208
28404490
6229599
26871460
23375772
17395994
31514643
24720704
26065131
31147421
15860460
27161506
34969617
23913934
32025694
29603971
22988286
20346757
32658034
33809413
29370597
3550918
25869618
10546337
17547315
18377165
33118408
30746778
35499849
30753954
12612636
25331094
32529859
23131600
33550917
24045099
21172758
18547557
21859176
11779287
10843257
10208074
31670549
31756586
28712178
33109275
24353185
35023365
28632360
29734347
26146629
10223172
24487727
35842882
28397546
20158290
21380567
26423222
16916074
30286842
29535068
18678255
29392373
35546027
1989010
32100028
18641669
6629879
27544386
24066
33861182
16537234
6521455
28032252
35603485
36530084
29708049
31900856
26025658
32891022
26861118
27726852
35104923
22954645
23131599
9755469
9728418
7972135
2005270
25498950
23658903
28045298
17521605
27863886
34444674
28695592
36833498
27044353
29894887
34074762
17907873
8597051
27144031
4083149
26601408
16515407
25191923
28779504
23332554
25446221
23230066
28405711
24333810
25721020
10209785
3954546
8618215
30445043
30188159
29159840
31733012
26985783
34511497
26663235
9586848
26091756
23333152
20963809
32486173
34261649
22879536
20615661
15222429
14212236
22004079
27423459
31256117
24012768
31650618
35199551
33506719
30686086
35940038
28757242
34668959
16871123
31805479
29510773
25960435
2753244
30837008
21891871
27030750
16949276
23333264
11682586
7997064
30103313
15193948
25752314
9139584
26224260
22293721
30221443
3103156
20063703
7365133
29051106
23380673
25358704
5010404
27076209
33260924
30691041
29281940
29903438
14674837
22650169
16109319
29227796
29342630
35014222
10975274
24179218
19543756
19397925
7597369
10691339
27195073
21639668
29409797
29342717
8806027
33935074
31541638
9829111
16107584
32772988
12867135
31059900
10565413
30240526
9121633
30210786
24230958
15487536
2197388
17279382
12052042
20472514
7374152
23567369
21557964
3193378
25581746
11919666
10719658
25163873
26704989
6633262
25761389
23284983
24257719
17245536
35662124
2714939
28510619
26695382
26344666
19552644
372292
32835597
30383336
28711663
31466060
8851239
29344724
17982567
21365603
23124810
26974208
24526293
8334717
36594858
25328141
15511645
23824686
28427114
23874091
36497559
30040771
34973509
32897482
18234518
35288532
22547891
23069756
22390734
18543391
23602352
8968844
32109009
21527670
34301454
31282698
1399081
28286214
22796445
25997096
21092023
23806477
35590804
19778385
30057444
26519538
965905
24807313
35678130
12048945
26076044
31019992
22253181
32192411
23375442
19963519
33675397
16209335
7492527
3903892
7876034
34724163
21335834
28461462
11883986
27268275
26778808
24979469
10433769
2215843
19167426
8783069
6588866
1194530
26179894
11156805
18293051
17694916
15595893
36735753
27337822
10643462
30448385
28211136
3120747
32896501
24869503
22445136
15830226
12937346
26902543
35344819
24597922
32790463
21849641
36058019
18655279
12146813
30798003
32340552
12235819
31714943
17234828
30259558
21667773
30741866
27645702
20718521
30795749
29851152
25405540
25144505
11127433
32138597
28347392
19037934
710197
31511992
25732217
22771335
23428624
1965248
3146944
36095869
25116988
27123977
5192561
15695223
30909209
33246020
32196531
7341886
23166986
15382728
10447995
534668
27543133
19427908
33838264
23395191
23017085
33054369
31271948
28078977
10706633
19524101
7394283
33533401
16950682
23794254
18066412
14746887
10467897
10047927
17652102
34102976
22782082
18238851
34581265
22927578
35467913
10600049
19057105
30514157
19785489
32936914
29498133
10924246
4480903
26972142
24726068
11126631
10532155
25684606
23943551
30362408
8473529
17384527
27240713
26748686
23178897
24111059
10645376
29414814
11115681
20096957
21269608
22277393
26847980
1324107
7651793
10637875
25014944
16376574
34448328
30018399
18296333
30851482
24094101
27339557
26657073
22806658
1751002
36008381
22605792
31680377
30170246
19122817
34487467
3715421
3974890
18444718
19620110
23117055
20435514
13678520
26806365
18685823
22309803
11079237
33436920
11098721
24417326
33202782
18337196
35381406
23012648
27613333
29208976
29342661
27936833
19703686
29026293
17804524
24889655
32592117
29471002
25504637
34591197
7887683
1417657
21055996
24671575
12508608
22034340
34292182
17804525
17712784
24323197
8083005
30089135
23729276
11489463
19659751
29432429
32957482
3442269
30086714
26815655
7542704
32253295
32736313
25319706
19363180
36288289
30621341
23952207
30839001
34437609
11256340
26499260
23572201
17765572
17624910
31961173
29802779
32017064
34649065
36470621
21917269
32344795
27481910
30550329
34080760
35875927
24972505
18937277
35726055
36374800
30264544
32876676
36670116
23558452
3887449
6718648
895141
27876835
10227103
19812083
23286767
22300026
33229515
16945218
35450441
23483470
26522341
31637735
22205762
18434034
6508705
8838386
26775228
32852961
20872927
31313735
30105612
17394533
32620804
29328501
26235455
23883640
10855758
14574231
24417608
15610393
1938166
22865587
30303036
16756419
36372583
19937501
27870447
33775402
27019114
16909932
23430450
27845944
15046973
14528784
17404390
29330596
12187448
17705682
30866834
21365592
6617596
2521108
3819336
15142664
29653156
24997342
28757455
30829528
1517444
28937350
35137561
17188927
9315449
31784979
34699274
15029763
32722496
27889677
30097198
25592205
33141899
22906815
474834
31585296
24219395
22936039
21401223
28065388
26564860
22802036
36674229
18247189
29528676
30251468
23060128
12500815
21096045
35394581
30031025
29945095
20946369
20882548
35849353
34553348
31800824
26447574
22819986
25343660
14565893
33628216
33986309
23092406
21554787
11458829
31609827
24346424
18189010
24270848
27114093
16904746
2313608
20403509
17623730
11035226
35728786
29528716
20570742
35331816
23063416
35239678
27658665
12903657
27852940
32017062
29589333
28566003
5322633
31170879
34363312
25579201
18956623
12815507
34680155
14744230
7426841
31928164
2210774
22924883
20534462
12503373
31566397
15161395
18724438
7492533
22711873
23521085
29126580
25570492
17684432
30199694
26391663
32597840
15942863
8595042
23538911
24929218
28318335
22097710
26944609
33229528
33907939
35132738
29985109
27163298
32164852
25563455
30672026
24267648
22711453
22236575
34240671
22193170
16792297
33300425
16890291
25036851
15560764
15050514
32436740
23911606
34134937
24058643
17379307
23454791
27660073
23717453
30562229
11140251
32914249
22417067
31828767
19036558
17014303
34517789
23922813
21451031
22760885
21243220
21512948
24151106
28347386
19528003
30814663
18722773
21651800
25300235
22661395
16713204
25782609
23631540
28495292
21443968
24512799
23098644
34331038
26338171
16868998
25405755
36272339
18662435
35228110
29907531
29280505
31170599
29432029
14704920
36582651
24508218
30676272
30203932
32749155
10753797
35430189
22716218
29294982
26484675
10319293
35357110
28315969
19726219
35177005
36484379
3676079
7220925
29080215
29454256
19665115
16771054
2695782
20951335
22254109
34684367
33229525
11274985
9566812
22229388
31415791
20359586
31826792
25901448
2951409
25492059
32646288
30009838
30291418
7198543
36058960
18985100
17786810
26146885
28268445
10716872
7562361
34775667
23534537
32331857
15863707
12161924
15473975
28920970
31735145
10374648
1294192
19812460
21919588
20712734
9356903
34174010
24237485
18800234
10217919
35904797
19733841
32911231
18431271
28292685
24980790
30671903
21859175
26255970
35945001
17455334
7726813
3236580
6742467
34386842
31783476
15926133
22253758
24866001
21980924
21211101
11594447
24265363
24353345
35742392
29116882
32599643
35389719
36293430
27083433
20101396
29481997
10069550
12507196
28414742
23516504
16463609
32485485
30084647
32905806
20884275
3742992
34866499
15093958
31576787
17719225
28937353
28674161
13306839
25257294
18423670
18037390
33314282
28981646
25464067
24766931
3192792
33460353
16427318
19770364
15927212
27521433
32460913
23276319
12908832
12402674
28872326
28689567
33538624
25548238
36496181
17548229
23110882
31160655
10731224
3675841
10836578
20307108
5811230
15780457
26447575
3808071
22036010
16739650
32459120
22907612
30075867
16054773
15330974
5320600
33406266
1498914
8532819
21858551
29199566
33395572
17413089
30117383
27562536
12229912
35107614
35350916
18417120
11127434
15488536
11117469
15029903
10689448
7698556
8242526
17786824
29699720
12906738
20443971
23065743
1806163
25219610
16005519
26337612
21060015
18189011
17983297
31749437
15535745
10415132
25878191
28530415
31087591
33050599
34843370
17428773
22949417
26600170
24482327
17171360
28866425
10407716
30010476
20452296
29901697
24125857
11265053
30375159
20382919
11764018
993984
30811477
30361939
17192609
4833431
31545761
16491429
31191634
22446141
17303448
17690985
36610108
30913498
21476065
17115807
2683730
12061757
34272785
33859408
26643146
31476160
26286658
8807431
24071637
19969050
16521058
28358566
21058868
15120088
645833
28151950
32008158
30638308
19648097
35767432
32121440
24957505
11167051
25446978
33227007
35398657
21943170
9236955
24797556
26894884
26774208
23931599
31239596
36150969
24816733
19370582
19063933
32658528
21345347
21854998
21644121
32783695
34272869
27686164
17668404
2255311
30321039
19547816
16480695
16382346
23996975
30616118
31918359
19693603
31185184
34098843
27825732
26602629
18804953
23231572
33160397
19234731
26896724
29916793
34555315
19652139
11024575
36536242
27532469
24277815
19847069
21764357
24841235
28495273
30870697
10372467
17174788
1643230
2312638
4094447
9600003
30212715
22245618
20644719
21806384
11182440
9131878
24669429
30268768
31933171
11781507
21305906
7976470
36655981
32194004
25770099
24778369
23764876
6877983
22869923
35596956
26806864
21569177
31819151
27868266
11529671
6121428
12838450
22567836
27339010
31075908
12495521
6527219
9177614
2637287
3784168
25778287
26826940
21858509
20350167
17918562
27171608
12919198
26934517
25347533
6988794
17950720
17523117
26114903
6863851
15065930
26039843
19799329
16826635
6640438
36086466
33290683
20446226
15907955
24148924
28840526
17650364
26412094
4747225
30993675
21392739
11782891
14520650
29545165
23142417
12077929
36183817
34618524
10780018
33443650
24502540
19761849
1745729
32527208
19944118
17613705
24661167
12467088
10199218
23739499
18290501
20020341
7097786
19847065
23422357
26084984
29122230
16524555
14766151
33798998
10763344
12221191
24404176
25510572
18809047
1162005
21417955
16537231
25498900
28710922
31651458
26458515
30351155
31015067
28818262
29488231
28527018
19444566
2348363
34504021
25961821
12745698
33196369
16841482
26923995
33103819
32555267
29030568
28332941
36537861
8591426
25730718
36000774
16771049
18513207
29465749
29658749
18951799
34921344
12820814
27690504
16484500
31804731
34096129
21744213
22336726
31064593
31072563
12396653
30896576
32093801
3319540
25916595
15179936
5146250
19004323
27473432
16776804
7844508
32746663
17850238
12943719
36401740
23584616
880835
24686264
22011460
27418068
30556731
23252732
33393798
19591976
10541057
8191136
30046359
24413063
26922873
23153385
26840544
32632755
15201910
8942436
31657532
31738223
30310160
28585747
29779671
9116483
21326088
25208326
30336869
19933457
19744108
9194968
26912733
30667262
2667018
12018939
20058826
34719497
28480690
31386844
11601148
33580692
23428935
20721769
24762923
25064177
24239436
29927276
28550258
25462901
30664040
23807237
33170814
28809700
9819574
15858424
30478607
34303119
17295954
7137553
36859524
29267414
18305283
31763863
30639671
12220050
32005351
23811267
33400565
34825598
22721259
1407220
28374126
16933758
32699123
34556131
29809029
28436833
27567875
33895894
22487035
28664035
3054058
6635054
35142415
16886978
25218552
31493298
35274485
31064523
12959504
21466088
22275476
25042425
34684478
21069639
3434335
20569758
31432758
22023278
35582831
28104542
25499957
19847066
23792806
28926413
32159473
17081621
25164799
35703307
20484679
36140136
25377607
32525947
32920279
28236906
32156419
27244651
32860967
15125980
23071757
15926029
16318572
17688141
7091401
31969451
28351162
23241558
12781156
35666936
24211338
19153872
24970603
25620997
36322594
12169217
23815631
18615296
17362143
33486875
18619770
14001564
18211150
901851
10548690
8295668
1771276
29154585
19958297
31856762
27016146
24710665
18717892
19406107
33755558
22366726
18799345
28895004
7265121
26113449
6745349
34676587
33293542
31461679
28468534
14709114
27974841
22907614
35086942
26766905
30504557
19751781
2868701
25123973
20721774
33227537
26802790
26010026
32985229
30086332
29781728
33370129
25711453
31566154
33583379
12196681
3836202
15950889
18843658
24184692
29310724
27372055
15240433
36179481
20965254
35066402
24635546
25026095
23632267
25875283
26415313
23075525
35764684
17215204
36111365
29329060
20804847
19846070
628837
23990175
27424571
32049236
9267973
25624159
29455765
18199629
17589737
10400283
7285594
31731926
27494180
2092219
29367017
24564118
34766526
34081417
14526798
8347113
32648625
16041200
34556542
24284832
26107577
10349356
1309025
25297479
22813951
34280216
34624331
17610812
1456739
12214749
11243047
29994973
10415890
31696350
29368141
19595625
28758785
36495858
14328744
9492961
23952206
32675695
32854323
18513359
33682726
2242508
23883746
22076407
16913992
20805272
22714740
27497805
21856971
31701225
26371496
11954558
1500606
7970225
31332472
28743108
23211671
12937349
23624642
35030638
24621460
19549206
24828928
35351388
28460713
34225472
34469640
26184761
36460719
14628000
10836563
18826659
12677553
31999845
31226156
24147129
29780083
25554460
26621983
25529989
26468191
35964356
12641368
7152851
24448518
26340659
1488645
16688906
12215960
32605434
35178679
28378616
31192641
26365114
18716200
25833685
17853119
32738590
28674162
21530549
23628695
14570555
26564759
18621068
23579624
30104426
26482801
24953514
34985602
8319383
2682346
35473471
14354605
3675485
7317700
31477324
16139714
18466741
29397077
35719086
25601006
7453864
27916386
23234490
17959467
9857822
9825531
9134457
29154035
31064503
16236384
35593196
33829944
15862225
7990066
16671863
30896207
24147128
34239011
21438861
31125497
26808940
25663176
12470691
20621961
23432661
29526916
31048109
19702618
19172912
20013452
6525268
21698696
11832220
1497258
24673485
24572117
33785148
24131042
15883365
23673865
16394143
28166898
31953564
36653428
22288384
2066768
15530198
27524792
30118489
35644074
29148830
14732410
18538868
29431328
30640409
25736691
33546973
19515293
23831503
18265498
6517827
30518250
31427513
31340017
26072233
28474767
26521979
24512245
28493924
17517819
19439764
32800992
15625637
26747462
24908517
28683351
33021731
23252915
11198135
3236584
25225363
19481733
33196362
30620502
21317022
27044001
29619533
15316586
28810401
15072674
9148200
29652892
34060181
29420157
22317246
21354711
31589626
21864011
21796485
23681159
10992120
16750617
26319972
6399753
27104646
1762813
35471543
16979541
9654437
29050820
1915017
32147939
31313734
8620354
22747190
22927572
32160951
26010024
21375598
28318539
18825345
16271313
19826471
20938179
33459046
18925357
7413055
31318679
22196112
23520539
1794406
25948639
31795045
11709385
33001665
33196363
19631629
30882585
17503965
25690112
22498024
17218903
17107236
30825695
17484557
36771475
31822247
16603407
21677220
3380259
22690320
8844880
36639905
34105018
2752710
33647023
14497895
32462335
25236964
18179307
18842203
29958872
10981537
31056774
23850613
9520014
27696950
2186416
24112794
32309980
35164448
25194760
26258545
24361686
22743053
3356500
32675688
27230831
11827619
23904027
21401251
29796750
25527275
3756005
24566507
31735146
32815603
27842463
20677044
28608767
34432674
2914004
32187908
24840029
14678843
35099402
29745715
871579
28554082
21147859
18244994
31428957
31017920
29132973
32173000
11594359
35196504
21497544
21288741
27212588
29342686
27080644
24573853
21654372
33662843
23958194
19857516
28361727
32772803
25818049
17181700
16651013
30061461
36758684
35134847
22227270
26833279
3565625
32159501
26267702
19241152
16318595
14625363
18502521
29017916
26785757
21108972
25433794
32266864
26481404
29336015
25307163
23319150
24584259
26601406
19037906
7965599
31749114
28189666
3109989
31230010
31826790
16997388
25841654
2803699
29154939
31521425
29152569
27069376
36735322
22099596
11689310
19370386
18720223
28255751
21310171
33069776
20063707
19693598
19131051
2897979
30583887
24954390
18721478
33714086
19693573
35661749
19936933
191700
19737345
16837450
9132710
25136997
25846114
29108941
30735125
28673758
18160747
26563965
7410790
29305818
29547749
27866990
29374488
21399482
28681758
33682720
23628347
23889930
9223078
30636522
30092461
25733537
36413870
24205687
22367145
12191449
33687597
31416642
12015230
10642034
25227220
26787425
6520279
29530267
30471868
30463669
30820029
26453581
19209972
15685959
2584081
12175465
12134350
23763442
16157488
26819764
22275006
36772384
15866367
30936769
20855294
8585670
26375358
21873569
18447858
35751017
28051273
33413000
29135924
31132573
30690712
32727282
26657962
9932139
5945375
28546744
25255941
28513274
24656898
18582177
24784008
10389598
22302548
33354755
26776386
17853152
30700215
12830926
34492035
15027094
22827854
22685529
1931805
27470291
26853644
22246247
31257145
34160128
27459924
25079670
35617233
4063056
30040722
32749038
12751431
25594169
25684831
9103999
36501816
34078184
28694229
13703628
22927569
17144150
31192772
25229452
29668058
25277021
22436617
26065133
19570312
8143232
15814210
17214869
16102060
27390098
19254102
31418959
897671
29517261
23288470
30794504
20852031
12769134
1621881
21130847
26987816
29660415
24520338
32386418
20803951
27022602
18827357
29075554
34699668
25416537
35995629
25111882
24708497
8367225
27238628
8319506
15749573
8270324
15567563
20122852
19778386
34922986
3193343
28438544
27587763
18023000
24796092
2574202
34324958
23702522
28624708
16005280
30663854
18462837
30053333
26641270
9621832
30795846
11033749
3669668
7081647
955308
35176890
15930591
9331473
22545685
29171171
24205810
32483676
14289573
35346123
17427908
12814380
17575988
27742598
29451849
32336218
11140253
36242923
21790481
34992237
21075238
32573342
24958229
31886182
29911475
26584548
27825957
25765314
26447573
13640824
3669679
24749820
13211939
29658748
27436677
11170306
30017248
22494832
22399776
25359964
18039064
26541383
26224269
26200889
33808109
7995769
7002225
21899795
20200838
23697243
34350525
27939119
25559427
29060420
31907733
26112344
33358439
35578396
9494319
19626759
11657319
6844075
36527609
20374916
22524347
7104244
23427771
19442745
16140369
16035055
25542677
29935380
30867280
20586578
34952746
23883765
5051318
12424646
25139315
18331919
25570620
23702811
8761169
29601888
6718120
2127009
26458200
15582285
31017049
4060005
31344553
10584397
15929030
32773392
5482062
15257788
10645371
18683026
35853750
26552574
26460492
23499707
10594309
32050482
31609981
22020992
17884154
7296176
29893487
36435148
24016274
32463278
24303072
19477345
2774356
23909686
20674890
32806581
19477343
8806026
27572521
25108042
27905108
18810850
34118582
36476378
15880080
18559637
26714789
27669989
15058863
25464010
11812391
23518414
30120553
31805468
31132437
23713737
22002238
26236011
36272677
9683383
36096888
19606085
17760778
30689734
20395164
16725347
23020641
20708862
8939468
33373908
25133415
23952205
2631632
6725746
4445461
26562681
35505223
27334400
34932940
23740631
10652739
17484596
26330382
20599555
35864031
27560512
23986239
14996236
17519365
26513326
29487030
12999410
29348440
22073146
18436709
26344014
34080889
23205415
3533421
12666040
28603804
28334147
33296975
32043646
11816332
24363092
24757117
25287648
20112243
15251270
2247045
21523446
24950132
18400925
30772901
32129254
10389669
17264253
33582219
22256686
20714155
24450311
32508159
34742723
32949540
31913967
25022771
33857639
28261898
33500489
35661401
30802543
28582280
26181779
32123178
28480894
22760955
17216413
20381468
20035772
30268390
17804523
27007810
29313239
28629599
18804123
35588385
23347645
19021925
15573699
1543253
28368139
24225066
23314169
15217095
3466781
7358803
25454029
31174916
30299155
15526987
23417620
24058166
17174917
2583938
2752589
7252077
20371237
34790100
14778986
10937818
30104425
12763003
28548578
16226041
31444691
29676601
24638057
26444877
17159617
19760534
32534124
20803922
33899218
23709065
16798012
23606134
34894735
31363152
18942038
17443691
34865607
9223100
31165494
19776035
10775975
28707217
27260109
8258607
25087013
25368160
18486492
21373864
27305921
13984777
33069156
23577960
23561718
34165352
21932048
27043602
34957840
17786820
19135431
35162465
34417978
31735148
33032654
24183160
2269009
30409387
27028175
31044291
11163900
26876762
33433823
22553018
23702355
18642627
16631144
21752007
20553757
15472160
30325715
21823760
14411620
22922429
32497740
30185239
22148993
19656334
3986160
7229066
12070754
18278290
6898766
33539147
28005255
22391935
24378088
29342674
29194066
18461549
10746147
9885036
35761767
30361951
32325144
26990388
22466605
32552116
28238605
21710012
35524466
6614781
7597838
31485887
25987597
25532892
12578246
25984937
17455020
30542913
10985294
29642785
23637918
24338433
27702876
22184241
21730950
23035806
33434081
20200846
35867333
22414320
31342810
32971466
30848044
24252218
29373117
21637776
20519662
34590117
25804360
25751612
35061188
24950128
32744845
32464122
25544348
27251123
28689088
29342680
31939839
27916454
22689217
15889818
2016927
17999113
8782543
31359084
28595140
28053306
24374116
17087488
23311677
17044967
12948003
11591828
7649043
854157
1329381
36417200
35193146
31918338
22884334
35535463
32156228
36396406
30198592
22803634
30581516
15303303
29237334
33610667
23682773
27758736
31020661
34148649
9522268
27192841
7350222
14324558
33385880
30366235
23639207
33725122
31266027
21831344
29155970
18808047
26643384
15518601
6042522
9322403
20566836
29342692
32685097
27266359
16056126
23071701
15889581
728485
26273828
16963588
19834324
31006203
17071230
17968049
1814422
14654721
2914061
31059493
28521364
31302352
34924009
8840093
29981961
28080963
22254543
35654292
30176006
17144153
33228046
19143805
9290934
15686613
34446152
16144616
31481673
23696809
2439280
19118395
17400009
29609103
29714618
23316801
14216897
2762544
32060376
17471070
6030100
19477340
8693849
16339042
29400596
20299068
25457049
3643351
9701859
30831311
27876292
19049242
19400675
30609171
21299273
33147651
30711619
11442690
20596933
1570380
22648997
30192756
9602573
28479532
31493235
33398800
20176458
35351777
19709457
30205055
25107284
22893062
3650995
33524577
34623719
23277383
22884811
26993292
36202618
32741754
26768522
28747136
23413002
3992243
22538324
2400794
29758391
26192073
19706386
18592262
12639326
23278807
11433788
3070675
35176867
15458809
26675680
23165200
19593842
6362459
16490183
28300356
31022272
36162312
31181421
30041892
24219194
30010120
19575296
25782537
33125635
36740141
15773689
27484869
35385670
27632695
35271070
7622021
30312476
29532328
18179299
31401184
34433508
36327648
32918622
35817578
21952261
20802214
23323993
33569560
15668156
34516176
32881546
31473350
29542095
34040097
23201831
30498824
10946592
6709179
9134186
34060885
11864719
24605886
15251272
34348370
21942437
19559613
24223947
19003547
29637315
25205332
13474892
29339310
31018787
9378595
28274677
23520521
20196452
3373440
25264300
35491026
30982411
28497581
24022894
28697659
33372875
8787177
33977850
27346448
34420967
34879329
14672297
22543395
21728426
31203649
34819034
10758353
8632791
29608991
28984350
1480629
31064432
32041228
2511885
35123174
25012436
25180974
25981319
16991155
34229042
17355910
36609452
26928718
30590747
22211832
31369611
35040504
24820674
3383674
9450374
23054100
3677200
12097858
29790199
35101596
1736178
26784026
23611812
23603479
21664054
18924649
18472567
9381849
834048
31228005
4684227
33003989
18525456
12955284
33517250
13697878
14576973
10332946
11383967
29336728
34843977
29409155
32026262
29595290
3417500
26014601
23720028
32115611
18499256
1076859
35461111
30770676
15735218
12528901
9763177
28206827
32162177
24389368
24594947
25454030
24826507
27820621
24686784
16091271
30916450
19818382
8792116
21676379
30685484
20386729
25700568
31448495
9467799
3700847
19931397
26756090
26618909
23955240
9861991
19638948
22264196
17001342
6689295
28865371
29859260
34709565
24041000
20189553
11351939
24576817
35729758
35657440
29171008
18612068
12697616
23663146
19539645
21918951
11884655
31505400
28754432
24378111
14656508
10483931
17915035
28080264
33753754
23952199
19840037
16609810
4812431
32583040
21115312
21980278
21146447
21653580
29488304
29342673
29782868
35384391
32338829
29723599
26980277
25098266
19634030
30825656
28801949
20577134
15649609
30346830
21974869
20544392
20472474
3455448
21796608
35792918
30006762
22483295
29161351
17234825
21908231
9466241
29419614
8410002
35853452
26410353
31326344
21906402
30353111
23719456
16397084
20881946
31095081
16819591
21503897
31424232
24892519
30080224
16213740
8595033
7365116
29237165
896748
36264405
31366275
14512830
29813018
34904230
32159470
21029060
30281810
28654848
30327868
26480302
19162118
20509068
17971056
9260496
7318812
24798582
23880500
24573848
28639724
23780801
8527009
25961184
28748333
31838501
9304700
8039525
12212647
34536658
10437281
25454031
25164940
9083650
7181809
20826624
21615292
23683154
24788316
26599597
21341914
31770724
36709601
16309947
15668099
23747603
28322986
27067603
26447577
28024170
32815597
17629947
33689600
20850552
19236339
35552662
24929201
29660416
20346753
3813863
30639986
18683028
32918233
33966986
28445840
24404163
11808561
4684235
26913784
27410680
19779619
35064958
16698126
22466392
22020545
9443170
12169409
12052660
31177219
30186531
24104504
19617584
18582942
32093203
23625064
28148832
36409122
25066448
10818566
31142395
19037935
26342995
26032435
18481904
18468944
35688304
34275050
30541188
22972904
20416854
19940269
15582913
31255885
8877624
35805280
24219850
15618881
17462748
16421853
19737042
16519269
15251900
31940990
21010780
33991198
31895746
36215153
27405877
19771138
26317138
36483237
21047621
21783280
23725644
36870341
24793204
32442799
18843196
20332516
3284520
32944790
33010896
16401240
18176834
17705087
25244471
27357663
24752035
19673769
16529568
24088488
9192132
28783480
29783595
21821822
29505513
31229243
29307247
27129794
2691181
12128020
30056548
10851681
24348991
20851850
19375839
28349725
23633523
31872411
7754292
25455434
16574049
30610996
438795
25457046
24286804
10789204
11241932
30190543
23848244
17100496
32078504
32144734
2174602
30767834
22697449
31464478
34023635
19944083
11515285
32859286
19332783
29863465
28726177
16262477
16377148
25420119
17092680
2511505
36272935
16467513
23290767
26220879
28293724
29764760
16206235
32417592
28391116
24858446
32627812
5406794
17976840
24835663
33589626
30426915
27372902
30506327
34053477
19330395
23006059
27078181
12177409
25496987
35339485
13118472