34579042
31749647
31749652
29110618
30336606
28867944
33935078
30550256
30923475
30372678
28323829
33970101
32747995
32252068
34907594
27293904
36141726
31176283
31749646
35179727
35633075
36612610
35879736
34240109
33963883
32778106
28176133
35218453
31498826
34287696
29948184
27012955
34880266
35802308
34212754
34677628
36319960
22002448
26901223
36056071
30302338
26980095
35580270
31676946
32632887
27928763
36568790
36151117
34082855
27431673
32555322
35480964
34508028
25594418
10890817
24329933
31359600
34299076
34208741
33421893
36361215
35607814
29325563
36585141
35976980
36042862
33646514
29568339
35158372
35781584
28294068
36069796
24459409
26539545
36279445
24748784
21396152
28938250
34985774
33728712
30766600
25192295
32151265
33415601
33482925
30995207
34414883
36122214
23855494
27908561
23876494
33801037
33280069
36353888
35196565
36501942
35994867
36363543
35277591
33336432
30794683
25143069
36394656
35895279
22163909
35484488
31216778
36146347
26610416
30324265
32375731
30152285
33857236
31775871
30967763
33216032
34479648
28437438
25883956
33566843
33851546
28044197
35987918
18288249
28097148
35750700
31381598
31465492
34153689
27415430
31465498
33546613
34900900
35881625
36543878
33754368
36138459
32767046
29435963
33007941
31893027
35064204
34267724
35624616
33289065
35974034
32682187
35178714
33233361
36068298
28877864
35196708
33887181
34642344
35564786
34401957
26809263
31505084
26148009
22086351
28559646
25575225
33466627
31161495
21266038
32072931
35210517
31898551
29259545
25516359
35431248
33793567
34974523
33420226
29244847
36771379
31666352
25680352
33109123
24971355
35145166
21541015
33200988
33503851
31627738
12847296
19784854
32879315
36395335
34986891
33459650
34080712
33705213
36232215
36673984
27391854
31373274
32783968
24282477
33990770
28425058
36279459
34996425
35388496
31120896
35363801
35347195
29979673
34989910
34281039
18452000
36571131
28844729
26907296
25054800
31830099
33087171
26230404
23737631
36732548
28697562
34635163
34152008
27151596
32820342
27016241
36127357
31454343
22858531
30403711
32007499
35594400
35983864
32440792
32767255
36542172
32868436
33522961
33902510
35338240
31350849
30718625
29760183
36650175
34253231
26252222
20806062
26092566
35227209
32572039
34415450
30558938
22791395
31040655
31852469
32191772
35581395
30089782
24302930
30592018
23451050
28100252
25379435
34078975
26751739
32706680
24890334
25022777
35186469
30153193
35170682
30355292
23935605
27511746
35763916
22390677
35987538
36232040
32054517
36094948
33108548
34285287
23069842
32948772
33093488
25961027
26696272
33438751
29200435
22096522
24671136
31652265
30117114
24244332
34625648
33077581
34734452
33210418
21974867
33451260
26689437
32500390
34787077
35409655
31511571
26016658
32590333
22745675
30094803
23809311
23990521
24275543
33176024
23405242
34153687
24293002
35531959
34158564
34260606
30706798
22880000
24586480
31095606
29681185
21610856
23084598
36141891
31698695
30877785
30040957
35356890
35846877
32506992
23075409
31951629
27075921
36220885
35636516
34760139
28353574
35999495
23335980
34384101
35945257
30086554
36482176
32608011
35767153
26484698
29799126
30823366
31315089
24803285
24721289
21915286
34023938
30947281
29662068
31265216
31950439
23166617
29799316
29712981
28338962
28118729
23424640
30235321
31697690
20407435
32385322
33322157
33082298
27392022
28838289
31531012
34589175
33682064
29280030
30840640
30032391
33836015
32084218
32587611
32917161
35024908
36085067
31358789
26578315
27363462
21980485
31383851
32788583
32341373
30587151
34089120
31518376
33608552
33782462
27832173
32332984
33763526
36680925
30389345
35329191
31949239
28708861
27156378
26010489
35292978
36266559
34332252
27798250
27601488
32160251
36071221
23575344
30979042
24244751
27934971
23544083
33232274
22514704
28476724
26431117
29185468
23251547
30474053
32364670
26529091
36754628
34066063
31023334
31964849
31931769
25343713
33085707
21668746
34097702
30824848
21365002
24586555
25459794
30294808
30177719
24011129
36767429
32419398
31119295
32503476
36732569
31189678
25903452
28416273
36653419
35288903
24983951
27744417
26580066
28632780
36322329
29021558
25450117
28841643
27257964
29118434
24147101
31999563
28376726
21949712
31600223
22547403
26559949
23940559
21347336
32591927
32471046
27505411
35748513
28341686
21857816
22493672
32203229
26819579
24960028
23110071
19680553
18720279
34674074
24416119
36737639
20532245
36437716
26686599
21989458
21423580
24228691
21966526
18320047
21422549
19750086
33025410
30294804
35039498
29851991
35739285
33709849
32754829
25133639
36100589
36155510
27527736
36640346
27893868
33380616
31588703
32159519
23483964
23964204
35835560
36284130
33626046
25758054
21951591
29664917
33464422
30923474
23510580
33275632
28088647
29167090
35779333
27777800
25099639
25810927
32456354
32785237
33618197
30934861
36593490
31515473
36388295
21319489
34086693
36097814
35677610
29992421
20026469
30716610
26935561
36202893
30781622
25708527
24939580
29933770
36709288
25691518
32505173
30206151
22492746
33592006
35061089
25885790
35802165
23874778
36669522
24582436
30389839
24324554
28615651
34199243
32989718
24101628
26517876
30787367
17474991
34635149
32471352
24205330
32192446
30258059
31062352
25756990
31086374
31569467
36472982
25643286
32503473
35742756
35120480
30887386
24955884
26555341
28544983
26491431
32444827
33159430
28724914
33057378
34674579
28666470
22590571
35581425
35982138
31072850
35313778
22299052
27492369
24982591
32412307
31049725
35220690
30104372
36695428
36293914
36426782
36827315
27481112
33926045
21597926
32716851
35428698
36369737
36078366
34253837
27043141
32500619
30926992
25839039
30923470
30097711
24754807
32429473
36858467
23382821
26266937
18769731
30219036
32951313
34607945
35373862
27478646
31673023
29907812
29180769
29106402
20011111
30611286
31327759
29848469
26078086
36451360
36369005
28025637
30923479
32277337
25205661
34017031
35627358
30629631
30602377
23437183
36086855
34506912
36581949
28506289
30010407
25119464
21203792
28236075
32248774
31794575
22179158
27870846
30949576
29116931
23758923
27354073
24091591
25621742
26930286
26728398
25267825
32121478
33037309
32954902
25003917
30379815
32260234
31568196
34498229
33462472
24287997
30376565
26407097
36253008
25549327
30767085
31337859
31295254
26505900
27023110
19859782
22815800
34237113
36732871
25328842
26584306
27193132
36364881
26112128
25268837
28869843
23776570
36571134
24324236
29758965
25861633
33536614
30573783
30601822
31805866
25030264
31278650
24205112
27252299
25747601
26869843
33057089
36229767
25259846
26606853
25922937
33827690
31501348
26584966
29414945
26884745
32106748
28506292
20714058
35115910
34773254
30375756
29649969
34225797
29671803
23242355
28006029
31749649
33443937
28787239
30909931
36497911
29802344
36231530
30559053
33627175
26001157
34648562
36273770
33738691
36547738
18162048
28946866
31487827
32079560
33809413
32529859
33109275
21172758
29734347
31756586
26146629
26423222
35546027
33861182
36833498
29894887
27144031
34444674
34074762
28405711
25191923
34261649
32486173
30103313
30691041
33260924
35014222
27195073
33935074
30210786
23284983
17982567
23874091
34973509
32897482
36497559
32109009
35288532
22390734
30057444
31019992
35590804
8783069
34724163
36735753
24869503
31714943
27645702
30795749
32196531
23178897
24094101
34448328
30018399
19122817
26657073
36008381
19620110
33436920
23012648
29208976
33202782
25504637
29026293
30089135
32957482
32736313
29432429
36288289
34437609
30086714
30621341
32344795
32876676
36670116
27876835
19812083
35450441
32620804
26235455
30303036
33775402
30866834
35137561
32722496
36674229
29945095
35849353
33986309
33628216
32017062
35239678
27852940
34680155
17684432
30672026
24058643
23717453
23922813
30814663
21651800
36272339
23631540
25405755
36582651
26484675
28315969
35177005
22254109
34684367
34775667
30671903
35904797
31783476
24265363
22253758
36293430
35742392
28414742
23516504
18037390
31160655
35350916
33050599
22949417
30811477
31191634
30913498
26643146
28151950
26286658
32008158
33227007
31239596
32121440
24816733
34272869
33160397
27825732
20644719
31933171
35596956
31819151
31075908
24404176
29488231
34504021
25961821
33103819
32555267
29030568
36000774
34921344
32093801
36401740
22011460
30046359
25208326
32699123
34556131
28436833
33895894
28664035
35274485
28104542
34684478
32920279
32860967
36140136
25377607
32525947
23071757
36322594
31856762
27016146
33293542
26766905
25875283
35764684
29455765
23990175
27494180
17589737
34556542
32648625
24284832
34280216
29994973
32854323
20805272
31701225
28460713
34225472
36460719
31226156
24147129
26340659
35178679
25833685
34985602
24147128
34239011
31125497
29526916
23673865
36653428
30118489
31427513
30640409
28493924
32800992
27044001
31589626
29652892
26319972
33459046
19826471
23520539
31795045
17503965
31822247
34105018
36771475
22690320
33647023
32462335
31056774
26258545
31735146
35099402
31017920
32772803
35134847
29152569
27069376
31230010
30735125
18721478
29374488
29305818
25733537
26819764
36772384
30936769
30820029
35751017
32727282
29135924
28546744
34492035
22827854
22685529
25079670
36501816
25594169
25229452
31418959
20852031
24520338
29075554
25416537
27022602
34699668
35346123
31886182
22494832
29658748
34350525
33808109
32050482
24303072
31609981
29893487
32806581
30120553
27334400
29348440
22073146
27560512
28603804
24450311
33500489
32123178
28480894
29313239
30299155
34790100
26444877
34894735
31363152
32534124
25087013
21932048
34957840
27043602
35162465
33032654
26876762
35761767
30361951
32325144
30542913
21730950
32971466
23637918
21637776
20519662
28689088
28053306
31359084
35193146
29237334
30581516
15303303
33385880
33725122
32685097
23071701
34924009
26273828
33228046
28080963
32060376
31481673
23696809
30192756
36202618
32741754
25782537
31022272
35271070
36327648
33569560
29542095
34040097
23201831
23520521
24223947
29339310
34879329
34819034
25012436
32041228
25180974
31369611
26928718
35040504
26784026
32162177
30770676
28206827
30916450
31448495
20386729
35657440
17915035
33753754
21980278
21146447
35384391
21906402
35792918
30353111
29813018
30327868
31838501
28639724
26599597
24404163
32918233
19779619
32093203
22020545
30186531
23625064
30541188
35805280
34275050
36483237
36870341
31940990
29505513
24348991
23633523
30190543
32078504
28726177
28391116
33589626
35510527
24399044
22952762
22792378
33202663
35410535
27078257
27112124
32870092
26006256
24666585
34673837
23734228
36883277
22242169
35110622
33045015
25329149
31907066
32597992
36086829
29530075
32884098
32583211
35890799
28402561
35821035
30252852
36279138
29730485
34883831
30382528
36647147
33707531
30893340
28723975
36232101
17448689
24510583
27615029
36814329
31975035
33535842
31855001
32452464
33878122
23936251
36542204
33907938
32191738
26200656
34836235
33602325
24905590
33170438
30746636
35264340
31691102
36404998
24116230
24892718
36502256
34517889
24777113
23417558
33867360
25610798
32948575
35907804
32867055
28265650
27815519
34637460
33870228
30807540
27635114
36833710
23251404
30316176
33337367
29630600
30240409
32951054
36376083
29703560
25056735
21079747
26101458
32816032
33257789
35799030
32301205
27356512
35524505
26378028
23922645
23326439
24754844
29666388
32883723
24763117
36574178
33486125
34340256
31857671
35229998
32455852
35017580
34831380
21678230
28855724
35858818
30114552
30203336
31470829
34238316
28717201
24129098
33593273
33009294
36242017
30053860
34855301
34230544
34215784
32393362
35246816
34431603
26235478
26995225
32290134
33882074
34462893
26391305
35288584
27621086
32847540
34354162
26583107
24886547
19414044
29102727
35795033
33076870
26505633
28727724
22865905
26067780
32013009
35082319
34641336
20437297
35471685
24878763
26505905
22737058
27888683
30852398
22492751
32474473
35063811
31199834
35877618
35272590
36351962
22453114
26184302
35052462
23209840
31676780
34769062
26148338
35506354
36167961
35575089
22590523
35726493
29379876
31239461
23483953
26545244
31588515
36417015
33395966
34784296
30250389
22734066
36192455
24789353
25402345
36197960
24093880
36104362
31530143
24825574
30404622
28677689
23950921
25965066
21827719
35821714
34831149
23565247
27427965
35293013
18663250
24113076
32529356
34962931
34746952
33609782
32887694
32036587
26078711
26237423
33599622
35254424
27723746
22577300
36169281
23950918
29370215
26375924
34121657
29122996
30669677
35034114
35714977
31745100
22270812
36526865
27088226
24058520
26061273
32134208
34112925
34750718
31547214
28831376
27278656
21364916
28544658
35301388
34473722
27403347
32677770
26578083
27031859
21807587
31666592
28081196
30208306
35436329
32735650
25611595
30703148
34591554
34833681
34835979
25478236
35435339
29016605
33449094
30065778
32098926
29670667
36178498
33786666
27069052
30373664
27718099
22434281
27110937
35061824
23691200
26075253
36343218
36653035
32418361
25001968
34135349
35974038
34843170
29444740
34037472
22912769
31491020
30578611
25043737
30962425
27620189
23393413
31825980
33888694
23290552
25173960
24531385
35632294
35867284
30923341
26731444
34559097
23437376
29462986
25179230
30998744
29574684
34630555
23284730
24223146
31359621
34762738
34916553
31990931
35121669
30846746
22234338
36171213
29768473
27196973
33787912
30412614
26154061
28715475
35773737
17397976
18092890
23236497
34444965
34918202
27663863
27809779
33152583
36169132
33951155
24555983
23077660
35061799
26881095
31104364
24067387
22446488
22738158
28273270
36159751
30419052
36446774
29513741
33417301
32631444
31842818
31717571
22713407
31847467
34770137
26011789
34035132
31510923
29215606
27235820
30927705
33650486
35676655
33574424
34725168
32236689
31551482
32399083
31613880
33099601
30060098
25389769
31039826
34069310
30918301
34731089
35393357
33009424
30385222
33245810
35395826
35263318
34351985
24195068
30380784
24401034
33206681
32066765
33006962
30483873
24174892
29185207
30917861
29269882
36834368
33479182
24809801
34919586
29451153
32119795
36065720
30829521
20598670
21187952
33369564
25866927
32769166
26678674
35564459
16490260
35627740
30730878
33318605
31291325
32623552
30998774
30674987
32162495
21416411
32109389
28503331
33263813
36327293
31204624
22106423
27902618
28017265
27824937
26137490
33945520
32214173
35751993
26716699
24782714
19528023
26905277
34684580
35764028
29023452
27764117
36249264
36120785
23660852
25184136
33104783
30197928
29884281
33579018
31551468
32022478
31165582
23063434
23709449
36645968
23658647
27592343
29066804
33569556
24122821
34428383
30383656
26601612
33847854
21098966
30123931
34282520
35409485
25938188
35242179
21422555
31938879
33557894
22113371
33503483
27235714
31948261
30267138
32043268
28680099
24839046
23484020
35233977
32645032
26716447
25085564
36639907
35161659
35881301
22606261
21611724
22110484
28820890
33800853
36571124
25760329
32764900
24244428
35074579
27639565
23763338
26796320
32749999
27814926
30275380
36032481
29385773
27980393
22676227
34344864
35410333
35858069
35738491
32404381
35499254
33253139
35074866
36081422
32040559
30837491
34916307
28177512
24487781
35704171
30305705
33530934
25234119
34101781
30150393
32773732
24349171
36771188
22530265
28863370
27677546
32253711
33658771
23144775
26275215
36089962
35032018
27505162
26395526
31762442
31641234
29163756
36360706
33872709
31485215
35726157
36410817
25165694
31588002
30412488
31606040
20661306
29950603
35256875
28584406
35189908
23835763
23709450
32029863
21603597
30412077
36613551
31366944
33465124
35957437
33040971
29564652
29200836
21909415
24366148
27074945
34074119
32333291
34117890
32836077
36611808
26125559
32295884
32963219
30543694
33439864
24895486
31209733
29351799
31189596
27603353
28579766
35635439
26774291
35564711
29071759
29680211
29072515
31150475
31737125
34267235
27977720
30287943
35787659
25089518
29304225
35589771
31396272
35589995
36061917
35451329
25314132
34353168
32502896
23284972
32002557
30184313
23937481
24791916
32251443
31502070
27193284
26632763
32189228
35124869
34799624
32940566
26315086
32176709
33725202
27703598
26690191
24347086
36364822
28380008
31732709
24733296
32027373
33957939
34086687
30785893
33257769
32860625
32211039
33602960
31907079
22319586
33151975
19706173
31515771
35352125
35010939
24577561
31270314
25741744
35061832
22479316
30226836
23894295
35598102
32104516
28934291
36607335
30625223
35408390
30214027
34374199
34574649
36634088
24289891
36092789
26731740
35841161
22422461
33212862
24157077
33562156
33487113
28743994
34793500
8783070
23082222
32060640
35583601
25490131
32611388
31861454
33945646
29920538
29311006
29700312
28720898
36274574
35617315
30212509
36604527
28166760
27683302
21190053
19638195
32463181
29568680
24324239
35013005
24339912
34487313
22563454
30796284
31638906
28695017
34986149
33597580
22783982
35025899
30604759
36333686
26288131
30358161
34671073
26368570
26504351
36679601
26863331
36396072
33632704
36482117
31802223
24955999
26881117
29856825
26772802
23691370
28338955
27872638
25973558
32108148
32599551
29736192
35486693
29400117
29387718
30680487
30340619
27170291
33319744
24260218
24752244
24926234
23734238
27892513
30896274
25153530
35318585
25979089
26727605
25299046
22291952
32325756
31601634
25369121
35736864
24625888
30324564
26130029
29026111
32681101
27801822
33542383
29234898
36449219
32661242
29858545
21942932
35071171
35763510
34166223
33605398
26902664
31160541
28977265
35074503
36541175
32361940
28937045
31530250
18488188
26348613
35846978
35473952
30350427
31009046
33625369
35231196
34293060
34052751
31604964
22427852
34904648
36398135
35977540
22526717
17765865
34550993
31165913
22537877
36039029
33280814
26968178
26168949
27144158
25658829
25659134
27804114
31519948
22120689
26046425
26749076
29259322
32528414
22615901
32420866
32150994
28091178
24760048
36311587
29934977
33780373
35577026
29606560
29414495
28632746
34660795
22911806
27551749
30202075
29664047
35105662
28278153
34637477
33790330
30455456
32295301
33736663
34501643
27736900
19718524
35902549
30013920
20808859
26159750
36571127
24816801
24997019
31462661
35947612
30975675
34529347
32699510
29099840
31002681
28698644
30513630
36867273
33379191
28913349
29282881
32930870
29581425
35383573
19727676
35831831
26629847
32132629
20668532
30003517
31086379
36767502
33219880
29991597
29141399
35795537
35388080
28498866
23825521
24392010
30090697
25827242
34057776
31888199
33712725
34329440
28947450
31351480
36602985
32106297
30001411
32587294
26182123
36733496
34309092
29914040
30926631
26161000
21625569
35588525
36017504
26644600
28282414
29793545
30975192
30022243
35192240
35233060
33446069
32631237
30400215
36482119
29564977
31731503
34201092
31289885
32615979
27936022
33588769
36301590
20179759
23646113
33888804
22493720
22855702
32908635
32447717
28081519
32168324
26260624
28420377
31189554
29338344
33567223
32684190
28005921
28813458
31204797
26799065
22729957
35303013
31450015
33979366
26053141
30622095
29023550
31077241
29330209
31560064
28737723
29525781
24558467
24367684
24255710
31957957
32327491
21858225
29044063
27268156
34884137
27311017
26805876
19057715
33911186
25576798
35267911
34758043
29160529
35939827
30138420
32999307
35233030
36146286
31481980
35616942
31540311
34764856
34019084
28732080
34911449
33998545
31441352
30093342
24729696
30832288
33942972
33441154
29596523
26586449
35104647
32283276
30394173
36315590
24040413
26381645
25170942
34095884
27003439
35869287
25401328
16602824
30224791
36360765
21447898
30321411
31689906
26334394
24118853
27698558
33877431
31451606
32324139
25853882
31283112
22242196
30832372
23333471
30826849
28878245
26452731
21876687
33003445
36033759
29593115
23503702
28744767
25498371
33905001
34721565
30060538
26090381
30420585
30729756
31081753
18485192
27706806
34786653
22272314
34496852
32325479
32611333
31083252
31755480
27812210
35428802
36767116
18703579
32688161
29955154
33274354
33814441
34448889
35765748
32650553
26039547
32675410
22666157
27200192
25679784
24349049
20715083
26669858
36148425
24465471
34301226
26137495
24086291
36634049
30356308
23322890
33606804
26690214
35045777
36276341
34917143
34006315
22558238
29258596
25215609
27665436
28744563
34072293
34624051
32322880
25160678
32908898
23741303
33555446
26587017
28387725
26744300
33528884
36152088
31581243
27274618
30238918
32727472
36814278
34256070
27154183
25970346
32122325
36538112
34886553
25992495
36690778
29298678
32280035
35080501
18826490
32101309
33864488
32025254
31213484
24614576
24349040
35915345
31881934
35934965
35845903
33705442
29945682
35387589
26267145
27074046
21408006
36571120
36056165
31811205
30196250
30216372
24845879
32314956
24065154
30480331
25258032
27484173
26377548
33441734
21390202
25816010
27498153
19341481
30212878
31165451
29730536
33082442
35723100
19223595
25051341
31489532
35563859
29525452
32808376
32266520
31437203
17115086
27639354
30271134
32866181
22254111
28596922
35924463
34220322
34081712
31043662
35985278
28057082
33336807
35410174
36560330
34234373
25007078
30586933
28800740
34166389
34684709
35101919
24244626
34574554
30834305
33200196
34553234
33371157
23448504
26122757
24903974
31256125
33672861
29378515
30677125
33484352
26133125
22615758
26881101
34913501
33830577
20167064
34972121
30690563
34173136
33883661
31693707
33555422
33509113
36833531
35260119
25061682
32623402
34814746
25282056
23192105
31430627
24391894
23382945
31940106
26081580
31282434
32514664
24465577
29787609
24454824
25649647
33929674
24688451
26938637
35947492
23049794
28002461
32066387
26405801
36038599
23075284
31472009
23704874
26098943
25285913
36612487
29878517
36064845
36875355
32980895
31749651
26801406
35902593
26813119
32472520
26760971
23894683
29893753
26125153
35898104
29530020
30951970
34501936
20864190
31705040
21556206
32043207
30046052
32634226
34408280
36311592
33836120
30526242
32301982
29706313
30391858
32374746
27000177
34433680
26280945
29023456
30659208
33465152
30767154
32727557
34549641
28364282
33087833
28060919
31547412
32209137
35867640
35300598
26333022
22690344
34929755
25695254
33546572
25003029
32851076
27487000
23584165
27092718
31408248
22348124
25085738
27639851
27287625
28816474
36231532
30618439
33303842
23805326
35703458
36015706
26700019
35256748
35457501
35690884
35236878
33116182
27231193
24364401
35954921
31534559
19580552
34615471
31961904
33196666
36207762
26323093
21298068
33024110
28101812
23300510
35399123
36574158
32478664
32926643
32401796
29723244
34062643
31887167
29686255
26402762
22912831
35536752
32092682
31196006
28245274
31023243
34722411
27803816
36694368
28158261
31944619
28322310
34915450
26315934
22356183
32491121
36109701
35582924
32378374
26966781
25648869
35930580
8206018
26844862
33022002
23613864
8820586
34497330
30188889
34954331
35805406
29057922
32437448
21980530
31602292
26302374
35025758
22768271
23555572
31132663
28840547
26966909
27157685
29929434
33783518
34090844
35274566
34633320
22028917
32515783
23119101
34278885
34383177
24587170
27473748
36270101
35122185
26068119
24028355
34166467
30678635
29215557
31789434
33947919
34449834
24147140
24037801
30678300
31811366
27434643
28550022
33809274
23484034
25561321
31690586
33939700
36146300
32751096
31906174
36841855
32651320
25537337
27317390
18197252
25918713
28686605
35749761
35928360
35503222
28477306
31462630
22384038
36281033
32938474
34863137
31150488
32267096
31443272
24379659
36463320
34918042
30608188
31519820
35689976
21636277
35870999
31296261
24498438
22933440
33808068
30008171
32665617
26254904
19098136
31386695
29255945
33824305
26158265
27789532
27806079
35209200
34261548
22022357
26950696
31177222
31130560
30914748
30559117
32384626
35608513
26386550
33114579
28659661
36231165
26655929
27232263
23894548
36174067
35742233
34066959
20563536
35805829
36497527
35291958
31964689
32377297
31486286
32518114
28314796
34735492
35921260
35768180
26956160
23533726
23576886
24343872
33422057
27824925
26757190
28080966
29214872
26934579
35169186
30024945
33810328
30071072
29615755
32510346
34907284
22514616
27447426
33258958
24431465
21694764
22610464
34535086
24391964
22859909
27565551
15876348
33815494
31749656
30730896
34666691
28362320
33040973
35469208
28532453
32505710
15921527
32577732
32428010
25057823
32769167
32496190
12806053
30640912
24129341
25879461
23579943
33986337
34637706
34312496
24419102
31217968
26969112
32102725
36762332
30400831
27623046
31882727
34526402
34420953
27806081
25928696
26531108
30717137
32597807
35276975
29773510
24130672
34509550
23710165
11748026
30281622
23862075
28626259
31118436
34905544
35408381
17149567
36600421
32040353
35874996
35595542
26985024
35473808
20835924
35132579
36831319
30496171
32413871
28732489
34056730
36746805
26317609
24790423
30594926
26769551
35476027
26819776
33501901
35260721
32053683
34984719
36626375
30586447
29394257
31779278
28345039
33259519
34038387
34429154
23940554
27359328
36397016
29032015
34721819
27611929
34537086
24312550
30091987
21301814
36108238
36429985
34735453
28854284
30179156
32291812
33409903
33261032
33780493
35431253
24382784
35962371
35571682
7889884
23185621
36222937
17973998
34886194
32301561
35173204
29897986
34719124
35276891
32615255
18424507
36720957
35095033
34050431
30371241
34957851
25348927
26359527
26978782
23675496
24414334
35725402
24561387
29229968
36613729
34883203
30877793
34677257
20419095
35964184
32387850
27513670
23223342
34398758
24358266
27479484
18796173
33768482
36067292
22476990
36365947
26310787
35490878
36017246
34563141
35471639
17295054
34901271
36243824
29636070
36408755
36360736
35064798
31194250
32901401
35349797
34626254
24164494
29739386
31206523
30626824
32575909
31545823
34739504
31993657
33878636
26172546
30595399
27258100
29700608
34448490
34559823
30652239
26934499
32579618
28821812
23874872
31211362
30430635
34860851
33821464
34753438
32773047
28928440
32708906
29089631
36587230
33382720
32988298
32872224
33960731
24484640
33686588
31916193
34368888
9182038
30011296
33821365
28558667
30285231
30442197
25527303
27333979
34770482
31792263
31232698
35010873
25405458
26667478
32304884
35580084
35093956
28895274
35331866
30762810
33919680
31119291
36514817
19492040
26209859
34294062
28230528
36202391
35886418
30767844
34067997
23990953
33499254
34822030
33924598
31706220
36080956
31108570
27852283
33606723
23166694
31665180
32950365
33954905
33538943
36369027
32568197
35910748
36129926
34667253
26267907
36156977
34041549
20347044
22629133
36441435
35934968
29886507
34871630
33429747
31056647
28724985
33883015
24587243
26529409
24741367
33677479
14646013
17036260
29184096
26780483
29980693
35808156
31703597
19183429
27209174
30654461
29255220
26075389
34101782
28902143
34192546
35565948
32825013
34409546
22315948
36534276
35577347
34196482
31540138
33861727
35606459
31707192
34733498
32376779
32120794
21124893
34879838
26108168
33472172
27550986
35213557
30881519
28856092
32315308
33690853
30714271
36432586
24586772
35586946
24886420
30870469
30730947
33743045
33390260
32943742
33269446
22319593
22514666
35565079
28818064
27788192
29236920
33656586
20023652
21931653
34782605
34188170
20686832
22002449
33875729
33408614
25474540
34735694
36442419
30718410
24981045
28815180
21798515
28970538
23125553
30016499
24652602
34869762
24690413
33481892
32064344
33381590
35426440
23347963
27556398
34929004
21447900
35838930
36040790
34449799
34751753
30575714
34876068
30594927
36635669
26418065
35775751
26101858
23405164
30202119
35429160
28645192
27798669
29379114
32480286
30601810
33633200
32929485
22900054
29168741
34376171
34487142
27608620
27191166
23441168
27387139
31670795
34429074
25664586
21507778
26870909
34857858
34135466
34045502
34372445
31248923
24333226
35513400
34254665
35064714
29627333
28414766
28498345
29742960
30897119
22648255
32397609
30208897
35898789
35460737
24603608
33526043
27046643
32276339
34300101
33080190
22254121
34675189
35955131
30699197
36152054
35256727
33328247
24412966
31000183
34037867
36833483
35922739
36264228
36454962
34184172
35161809
27552103
35210972
31796856
24324753
31957799
32513944
34300609
34948714
35742721
34287178
33535138
23781176
36834329
35488032
31660693
21811401
31187920
28807191
19933145
35727966
27203563
27368632
23815866
34115107
35753235
36879340
30293537
25938442
33108517
36481698
31832761
31092252
33023400
24558455
26460971
31441239
29614739
36782203
34218514
34360291
33106856
35577845
29268744
21541317
35811527
33874886
35310547
21478184
30385803
33260939
30322932
30716609
33759032
31309986
23184605
22333511
32528048
26762334
27305959
21123690
34300067
33806762
28916808
26079768
34954668
33784030
27584041
35903877
24751935
34783896
36891133
36890223
35045771
30051187
29107609
33325068
28207810
31790478
33725398
35035846
30635439
36258104
26225993
30249199
22666519
32179815
35780219
33991075
30642761
27508396
30347812
30535263
36787312
25961041
34083674
33142075
35585026
35260603
32911809
33143203
27347681
36366028
30013166
34544762
24375832
22559788
28840405
34898332
24409318
33046041
29293554
31872943
35270541
34610763
33066649
24824880
34959823
32429157
34488882
26817872
26322974
31447653
30273356
26349057
26551251
35256740
32433679
23576893
36850935
33711976
27774813
36812474
17565668
31778117
18439322
30275398
35201484
34046848
27054566
28811493
35344099
27195294
32440920
33808633
34641803
29283467
34083614
35860175
29795602
25992567
36068941
34199148
29845008
35297561
36777778
32647252
29563536
23349793
35062438
34977485
31126116
32532362
28436831
31118095
32736542
35858991
33512699
23168991
34639666
34444590
27848213
29853833
21359224
36014828
32870925
34105442
29086502
32788669
31407811
29572656
24191247
34446763
28384301
35893861
29762677
36045982
23995071
29743630
24844290
36554722
33672488
31424182
28875614
31001362
33835637
27884130
34827026
34167639
29945859
34786853
26554781
31557253
30988372
25054550
36871003
31044290
27959914
34893612
34283865
29314589
23874743
30964861
36513630
29694347
30276939
24467873
31341468
27522090
23082170
33452108
33607035
32822358
31673006
35344567
18540752
28361986
33580733
36047482
30885230
28542392
32829059
35241747
35040557
27252047
31230434
35395612
36148788
31395077
30430706
31501889
28826493
23342012
33627441
24735831
28408412
32299410
29535340
33364423
33414823
36266397
30424836
29023535
32546992
25938418
33407722
35115397
36284105
25977822
25306550
36117610
24603900
32066384
29369175
31434251
26561951
33752077
24614872
26896242
26675420
20617045
27918286
31875011
36849259
36528588
36411054
32549888
29096612
29525416
22523577
31534123
28931011
33230190
31471781
36698219
23831862
28381303
32357144
29794738
18053258
33206697
33485373
28100212
25541708
26431430
36399209
31096844
36441789
36131106
30627631
30612937
26586084
27907075
36505414
26799068
35301624
31883966
18534035
33545348
21998649
26516611
29661156
36571137
21287109
27391779
34844477
28384607
31627760
30238293
35706418
36470961
35904594
28467827
11250808
35648331
36180770
35890787
36474208
31813196
27008093
35701665
31277107
34728245
27801629
33564126
24139023
30151991
26867138
32957414
32345979
32784788
34452603
36141977
30977313
23576892
36141584
27384671
34894422
25652949
31841542
34047893
29205095
35889816
34797393
33256220
35848286
29759084
28486504
36834322
34874493
27902738
36355436
32461027
22140584
35459099
28406990
32214218
32408706
34921201
35798763
33879200
33067452
25889157
35161930
33275122
34976937
29718384
19555494
35882017
26836161
26812902
27123578
36554399
26445532
25010517
34663241
27503016
25759746
35752948
29713758
28879544
34966518
29559216
32167568
34537040
33579856
36050663
34948795
17183640
33723384
36454889
34727188
28301531
36375086
35490915
31115833
27049878
34114969
36429818
32456170
34974620
32718926
26519540
20676609
36613142
26376443
34283098
34087077
35416840
18193453
24467625
27035569
29196835
35903373
30558985
34672084
34197534
32313098
32517223
33611995
34413428
33967062
29608612
28375209
36042589
29973193
30909971
28441442
22665584
29125875
26497388
33647233
25658321
19954550
32642850
29667366
35195914
32707534
35991035
33061952
27416036
35700206
31645590
26619079
33836715
34404915
36457050
34208689
19014583
34671064
34639048
29616486
33836660
28767647
32102994
34415056
23226829
25227252
35139917
22271786
34585222
36040872
23029625
34379782
33070098
36514122
34911190
28931443
23883107
31825307
34086906
27551061
30198360
26843358
25502466
23133619
22363699
36679779
26780345
23108707
33616310
23209555
27354718
31257471
36388324
36674324
34563269
28236276
31513664
29186146
28874742
34602470
33977103
31993915
25742506
22499781
33003562
34264289
33546255
34351539
35565039
18996509
27636368
22042060
36235820
36171478
32749192
36586593
29096697
30535796
30945271
34360143
33802961
23349807
30378206
36201546
33978729
29567376
20435794
24392012
32560396
31191635
28750479
33575988
32759880
28887491
29560312
31182153
30089116
35790772
35864114
28402387
36767272
30110883
33648976
34996522
35120468
33801660
35142640
32630669
24265818
33025030
31686175
30020566
29701668
24417438
32341444
28768549
30206283
30380634
17601350
24887092
31063468
32107495
29664924
33385564
28076406
19150501
19720086
26468653
36645098
35131849
28850616
32571399
30269067
35409918
29430616
21152391
34863209
30683707
31455167
31136313
22020778
25188300
33355692
29164153
20559545
35675967
26338509
22936195
35742422
28234892
26138610
35598071
11914148
35090568
20393152
34921204
21509491
36430140
28459873
33083535
24897305
31852759
36673652
32744409
36376341
27286719
19468659
26831898
29587853
29484268
29500074
29171666
33027640
34382111
33767350
32340928
35162434
32583013
29638157
31094061
26205426
36834202
31711095
34880208
36094955
27395443
33921418
33020498
35257155
29551413
31878968
36190191
35210528
29734039
35162296
32572148
31336006
35347139
33550246
31100049
33788037
35633394
22960896
30462721
33265948
28604560
27827960
36155506
32840720
36081150
17106628
27034947
35635280
36251169
30265715
22470574
31276480
36032958
29473089
31039131
32159611
31270391
32845925
35715433
32289727
34113680
32619240
35181551
31781293
34067939
34913110
33924253
26718102
23166843
36454809
34281103
32842483
33777133
33880710
20854671
20008455
34856843
34312468
33606797
35133537
34878637
35257180
29914997
20034617
32974799
35897486
35406075
26375206
36126262
34219723
35134875
31959135
36821646
26030422
36289469
29132359
31652490
32404916
23383043
26020148
28084991
22066030
33607826
35246984
27323913
35534858
21422559
26085962
36184767
26121591
35056313
29167913
29077028
26635299
26544876
36581629
31088278
28074160
24837514
29066873
33882777
35648822
34772432
34291527
34741667
22537536
31393145
35468768
26657300
22961577
33664475
23598598
32285205
17996044
34770104
20843367
26716891
30705371
32909397
33749402
35294953
33477654
32641708
36045345
18829429
26844489
32342288
29203849
33037281
36597046
28454571
36314150
36064944
29696059
33846880
29392371
36199101
27574308
36608145
34444501
32073739
32421781
36369025
32929584
33526504
25490044
28054939
30940047
26938543
18167553
36612527
32694510
31271925
22271779
33523577
35777882
26885407
31503006
35270726
31142005
20005133
35317732
26565560
36670348
35023610
33251549
27248834
25818684
33253303
24886305
33420212
28384152
34207701
30369997
25240384
33729156
36396150
27380648
24886679
29563522
29587408
26979812
25711212
36090823
33080866
31455860
34784815
24168225
36206395
24806478
33991241
28425500
21915320
34770571
35379792
32200776
25658923
35964182
33564063
35614311
34887478
31110212
29337998
31840582
27381857
26066657
36002643
36463385
22511891
36434530
36048751
31878021
34372448
34886060
36536035
30911673
29057924
35644829
35741749
31237182
31779279
19794914
36112366
31277175
24923362
34198044
29486000
33806653
31431638
30581853
36399469
26352937
35239814
33196671
34884010
33146346
34004447
31469622
36316831
34574514
18709359
31256133
35840893
35680953
31663685
35901456
34382202
34745501
28673920
29150307
36750612
35698828
33752519
29113758
34089764
35565761
25229622
35674849
26270470
35524866
36141731
30400939
23446137
33204250
32591830
32239365
35910770
18551165
27595105
24175493
32593800
35861657
35419740
34964955
28520782
28702351
28379988
35010337
18292063
33785081
34819115
31718514
34257387
21850264
32618098
35564926
31006360
31510918
23326530
29553493
36657196
34571453
30852990
34021326
30744978
26713089
33720112
26240429
32994401
30572821
36248942
30034997
33409959
26713627
27096411
25028078
31820277
32969829
32442694
25763427
36269748
36629701
27384330
34562140
34544507
31209118
35931378
33910642
35870875
35102518
34110105
36604624
33500476
34040151
33479323
35123203
25544961
35214553
30704537
32968171
34754163
34209339
34024205
29630625
33381265
28913360
33408062
24013455
33009439
24340012
36439276
33987659
35507572
26065713
36351888
33190601
33535028
33401136
24005416
24295206
33452724
34354199
36225770
34230218
33141160
35731743
30248908
26670281
30129665
28212320
35994448
22928000
24830758
34453226
32918698
28183352
30802256
36044462
34639830
22577301
31310622
34376715
34831553
26808979
35170850
33462719
29314866
32614931
32981211
35513836
34013482
34426586
33887975
24718593
18289369
36456622
33052978
31541305
34465287
22272237
26298692
25816017
32728850
33602994
34622272
33967049
30867057
35304572
34997906
22319436
35238954
34757173
34128859
35487945
32934326
28750035
27912107
33180843
30815580
36433363
36235630
27565301
34821553
27774567
36038622
27098177
31772682
21777414
33308075
33504066
36589934
19654861
31797887
26065431
31778892
31384989
35590452
22174760
33825766
35010710
28267744
34174933
35110674
34916279
25799443
34170437
33809598
34703181
26007338
25158312
32720084
33863277
36541028
32862780
35793839
26506613
24587281
20634898
27247946
23782509
23211089
21484033
35236888
30792257
28842842
33714056
25287367
28710717
28570704
27094820
33152012
29480412
26612628
28400371
35861637
32060552
27003830
31126148
22291992
36554705
22110642
25489941
27959336
25393410
33597630
24489815
33278355
26977923
36028546
17208643
36396622
33027506
32576849
35639714
24731433
32589613
34185146
30804413
31882922
32828920
32476636
26240417
33930092
29319009
30978913
31545831
31357079
29802384
32571336
27298740
33558577
35710948
30072110
36044246
32721510
33429752
26535906
33673620
28892513
30820809
32495311
34636503
34199416
34020016
23874672
34068112
33023520
30893353
34741532
33483552
36765121
34233651
30744172
35403836
36554632
24311984
30281651
22911856
23840970
35886144
34639404
23527146
22916006
31374973
28832590
35140344
31749655
20846444
25116265
29448961
24567912
34269793
25531509
35352289
35444267
36008509
34145463
35778619
26121592
34505993
27161122
31342468
27787386
33811226
36850004
36440538
28155579
32993582
35594529
31462272
32951548
36385502
33298990
34033259
34833664
36750483
24503959
35351941
33851371
35877269
32353829
30285646
34521381
26634694
32469952
25110695
30776973
36180662
33330347
34830246
31416451
33682752
35782096
30393836
31490337
32859109
23704999
33946732
33724082
27498366
30666760
36525119
27115566
34380348
36189787
29518097
35858998
24248474
28614399
26395158
19696923
32100328
33809424
34284369
34812928
36797381
35962003
22918987
27068574
33375429
30897697
32025777
35906269
32195962
32103064
34393481
29467408
35792977
26486190
30003038
33109646
29684752
35013147
35857403
20890614
25879993
31470911
26420361
36193737
34143352
35048468
28705227
29545606
26625261
33145970
24260415
31570859
31393966
23912427
32917010
33471428
33443781
32045454
31188839
25565785
34282209
35074632
25713093
31672132
29212848
34304635
35408091
35742700
33582487
35042925
32121111
25405859
29363634
35013248
31286695
32839468
28915266
33436950
31127171
27428280
22558470
36767687
32870091
30543620
33907240
24391974
34128359
24895603
35205392
23237076
28103526
30608922
29691440
32271713
21887343
28940855
25285900
36398076
30982127
26823985
21072164
31147386
29674605
31614008
35957298
32831970
33980875
34003846
33075063
32928161
36268161
33470140
23877090
31062192
34605577
34243676
36327307
35990134
35452080
21151864
35627357
36376778
33730049
27305102
22927984
26409878
26966358
36548216
22858874
34228119
34481465
32549250
29250724
30665386
30874592
36335225
36401748
27527561
35142911
34069531
35103790
32530026
29643355
35190189
35215380
33060292
36271368
35062591
36558392
30242229
34426931
31430023
31194834
34611999
23840456
23082203
36815864
35688817
20084113
33383555
25922296
31847267
29329340
32514180
32618345
28792946
26919667
31014235
30347786
32678194
20573753
32782370
30003033
34432810
24188817
22815808
26048954
34534317
34063619
30321218
33219241
36827288
22569064
33064803
31138687
22034850
35748111
36495119
36103304
35669954
34117336
23822668
23609157
31863643
32750182
31723242
23501967
36378355
30767436
34884021
30127510
35742594
28877756
29568692
36333437
24709953
35820831
34669763
35534454
36226270
34291680
36224338
32666211
34967751
35382093
35105659
35777867
26544606
29630614
34915569
30813907
33294128
18430227
34444614
34420522
35682049
29339513
36503978
36342763
30577472
31480020
34600495
34695780
33217959
25874910
32616014
30425462
28522823
36662692
24465579
29793529
34464406
24718105
31220148
33797625
30487547
33886568
33177133
35930164
26673896
22843089
34669694
36344961
32399082
29930401
24551055
32925072
36834393
23650504
31979038
34746315
34833729
36612614
33941809
35465397
33401605
33319317
29298649
36435870
28764760
30286146
12966411
32277109
34209124
32993754
36466523
31320893
34645664
36631905
36612986
30401796
34100203
31843843
36498200
36029388
34880363
25714486
35165309
29291720
27898690
36498383
33799794
28358656
9703479
33984004
29968816
35115063
27322471
35740885
20824141
22938391
25501028
24351736
33135386
35478169
32748318
35726136
36554380
33712542
35206323
31154272
29932304
34983868
33690643
35697914
34296763
36733285
30923471
32039694
28759631
30933180
29626394
34448489
26035243
33742194
33255790
36573012
32406251
36064572
32089849
33800952
30662457
28765626
28904971
25648216
24174913
34011197
35974301
20156841
35745173
32867641
26133552
26174482
34704960
33462136
29712942
24016745
34593934
28302161
26297477
29084283
36389417
34969946
27021817
22807627
23704082
31537575
32231429
26519439
31974762
29636283
24884579
36105682
33504796
24465601
30846760
35845915
33984602
28891666
33928480
33325331
32777967
29849577
29058116
33602700
25050711
32885230
27922632
32911505
32037734
30443595
30544873
34823023
23951202
31745709
31281345
35303763
15629053
32381032
29856761
25391155
32748547
33262399
30048027
33886947
31370651
31801966
36771351
23300385
31599470
32402486
32906737
34473781
36251139
23139806
24498375
34450731
35018846
35227401
30047166
35739605
25153800
25710121
32436477
32408698
28974716
24250824
35550503
32692088
34143241
35650566
28494817
34494328
27493954
33737105
32730311
33299021
32053616
25517903
33395975
31835620
36511225
34732248
33946402
31589113
26626856
25875165
33560008
32974888
31778002
36030457
28640119
31844181
25411838
29643079
33436738
34100223
32594580
34422245
32144648
29802699
32173976
36565116
25641547
21980370
30095000
34763683
25635946
35602647
32414790
32005103
24511910
25857667
29464963
32291621
24040072
34297815
33677730
35960384
25978800
35729501
33270788
31151199
35438715
30830859
33317169
28741423
36629935
33028930
31877576
27110107
27958301
27808125
32560680
26076919
32959999
35866545
35472671
30500813
36585416
36483252
26510175
32448946
35482732
28445589
26116438
25360512
32937652
35716023
33840291
25803809
27649971
31637867
35778690
27253877
35170506
33931204
30144191
32696125
35773365
34077897
35409466
32497075
34921589
36707829
25946306
35404724
30120702
31303263
32997074
23418420
28233166
27753047
34267258
15941358
34820896
36050667
35006342
33772477
35805117
31729972
35246952
29305389
34419766
29260316
32894028
27526176
35383232
32717999
22547985
33904989
22355645
24198087
25448851
36572845
36527582
25919586
29489905
25100554
34628483
32667654
34735449
31775887
32760689
29196834
32901416
33282806
36397038
34770467
33724991
30321791
32155883
25494196
26785107
35235565
35293378
32750087
34639809
35409833
36230988
31134713
32393436
28953958
20967203
24632743
36151106
35010273
34444991
33833827
24646887
26628003
30642062
22456815
33546690
25809437
35064023
31186430
36807368
31917806
32873782
33469881
27078146
28549647
34824121
29845003
21575209
24260362
34991698
29141019
31974411
28744607
23805190
33348890
36284274
32517096
24949870
33296363
25565792
35932310
35808167
30747913
32747691
35641971
34107933
32039724
36476188
33250047
30922179
35879360
25698351
34168021
35115530
28521247
34631645
32908125
28408788
23999732
32252350
33879535
29329355
35883043
23780950
33201262
29445188
33425840
24227657
24040172
32265252
26577592
28915912
30314263
22577309
23254452
31546966
34067795
31865493
25246778
24056298
33288756
36028810
25575044
35964194
25229083
35590861
30143006
22221198
33398141
36307529
36220827
28444626
35488718
34959825
23562541
22022414
27988787
28476160
27074140
23778307
24600211
24716453
31467387
36361412
24148774
22911686
23173596
33006068
33319503
27263124
25079923
36213141
36767781
33667224
21931716
27001615
30279397
33706181
35388045
35206515
32652005
35502002
34322985
34716457
33581593
35016619
34997146
33559704
35022305
33866460
31216313
33044051
32629466
25036334
32538310
28295877
34639462
32630383
28545994
34965266
27332986
18414677
26959029
30326762
31467519
27959925
33497374
36191231
34360331
21689409
36860389
33342538
10310277
33227967
23527162
29891954
33751906
26316729
35045810
35136912
22916264
33739304
36231949
28671114
35161551
24089689
32917220
36068621
34233707
35186840
34188459
34857741
33837220
29984161
27902744
31832879
35581297
34639511
34033251
26035291
35232404
34556640
34731328
24239049
26218422
25289674
33598773
34930867
36674362
33713924
20731834
25706380
22936190
30094161
32833969
31551596
34600472
33243183
22496188
27142627
33076764
34884686
34873185
33057383
34497334
32683780
30300365
32634006
35333451
28299510
26560154
32384634
33370436
33230259
27935747
25353339
31887854
34544298
35607303
36651050
33279666
35931796
29674677
31560719
29089567
25926127
28638720
28270937
30298752
33648630
28768522
36319061
24446493
21606573
32959949
21895719
34955634
34736882
35987800
31291276
36678305
33469113
28814466
24240629
30980620
36142006
31443739
32832615
34383394
32475327
23625323
23985135
33609174
26244349
32627328
35276898
33999462
20454891
36259207
33723623
26322632
30022026
27999412
32206923
27533282
33880766
25659881
32434574
31116745
34577225
26910345
18045500
31907436
29048582
29045599
32193502
26628262
32238339
31083281
33706698
30232161
33262933
33760100
28788094
22427847
35902829
32121267
33095320
30066133
35603563
31963327
31945080
35921002
33146348
30819244
33871737
32563260
32075015
34695921
35351911
33487110
26222390
27115487
24309300
33027802
32911486
35798929
31689306
33412565
25821139
20064786
32340155
30397235
18461176
28496401
34502647
36243789
30208763
27313901
23560101
27649296
28795236
34070377
35974336
35090363
31078353
31865246
35742482
31703063
33740903
34473199
35717183
24918067
28901287
23936184
21523614
30035016
31237885
25255309
25432633
34296549
34416399
29234009
31722385
26070195
33216755
23755173
34718322
31510978
23672210
24466067
32349315
34959743
27628682
24870060
29472593
30442090
36260263
31908431
29304050
34787571
35967950
35190579
26036993
24141834
26805875
31227796
27228118
33743476
27893814
32448868
33728508
25472002
36457329
32950911
32541774
33442768
23166829
31985478
36293666
35668078
27820842
24282593
30341361
36700201
21170334
28161695
30419032
33079949
24023897
29966229
33887380
33361819
32494802
33525438
29186550
33635604
28454532
35606832
32244970
36651027
30653554
29540721
34283138
33731206
23349852
29867204
23421957
17517137
34661996
35676293
34101798
29654316
34965252
26137470
16949111
32530759
30409202
33608533
28049445
36833616
25708246
31071933
29311653
28467718
24386185
35183161
29489865
24632823
24697746
26433730
29897022
32912283
22396799
30485332
36085320
31935915
27517611
25521374
36002956
30726206
35285122
34420784
27909027
34806475
29924814
33070785
30419015
28972994
36206396
17255010
36548752
24622966
36725725
34816613
31364446
32290164
34202846
34606040
28658252
34052970
32419614
30913161
35380282
27242027
17324268
34206642
35734763
28536420
35960360
33808221
33091052
34648173
33546115
33227135
33137145
34843096
36779529
36303300
29128897
33572715
35879665
26121652
35545630
34164367
36450871
20097784
21666743
34743231
24626224
29923867
35010305
33404795
19778423
31801630
27818802
34226626
32192537
30536081
36554357
34166526
35349746
32947944
28842656
24602446
32311301
31703115
32561630
35297176
36616939
34749830
30166448
34378826
31672091
32040518
30481227
34603759
32659042
28915244
31835868
35298460
32438615
35440710
35668292
34510252
32014027
22695686
31093301
32298925
27322649
33960700
27930706
31361075
31150517
31139680
32654432
33076251
36170277
33129261
36047338
30053217
32949193
35123342
20100340
35484493
34115325
36146251
35392852
29855699
28125735
34193083
33375149
23902378
34467389
35681091
34583150
36197639
33578762
34754306
35270648
33857139
32178667
20440551
24488406
33171178
16446918
34365548
28063612
31827496
33959774
34788660
29628063
36393902
33267852
36350423
29797555
36717854
29376825
34083695
36615708
21889346
33060818
32066701
32817195
33947831
30540802
27270215
34206284
33673856
35409720
32097438
28533517
36474194
33303803
34845232
26855826
34114079
34315377
31355498
34063561
31884480
29116242
27556039
34087949
36153747
25211489
34367615
28355263
26398516
24053148
31535373
36795417
22492752
36717795
31852140
30332999
27310288
34148030
29348611
26563353
30357995
24223921
20949134
25313490
30536444
36107946
28096143
31607776
28534875
34318962
25632227
34966358
27829041
33802506
34038624
20209381
32926315
28196507
23675705
34107877
36008452
34398917
27794035
35805505
24457625
33317517
35728906
35927217
28125684
25188356
19112488
32943722
25238623
24098641
21422545
30788800
30540761
31970433
35742695
32764077
34472728
34662350
25889057
30999897
21857969
23939586
34579554
35135054
34030649
33547347
35905577
30897999
21637943
33337420
33716158
32474856
30535128
29038561
32680462
22283033
34664858
27812128
33110597
27191169
36673850
21455105
31231836
25217888
29614152
27773566
20808870
25359903
34864656
34550905
28729927
28273918
30584466
31683483
31371696
28729755
32896022
29098340
31492832
19090987
36596594
35226209
36834011
33589714
36195435
31626119
28912625
34836554
34097124
34400622
35684626
31581598
32191073
31126247
35538783
34528182
35175157
36631482
30462695
26287823
34332955
25821317
29990351
34299996
28626250
30412602
34376281
32244933
36091221
36104435
17849012
34015986
25470279
34464442
25474036
22494482
34944454
36078704
21179461
34700196
25775112
17710201
32456281
24810604
34709215
36641499
28814756
30412590
36624397
35617290
28662176
36252007
29304748
34379267
36079771
30071082
24884651
35270379
33629102
28379987
22606339
24608867
33662707
31250074
36282912
26615416
28776207
36153547
35524188
31578055
25421811
22574100
36183138
31697455
27250658
30500809
33713509
34684847
32429553
29567848
33146781
32723128
26716692
27827368
26416139
33353076
22374637
33932157
28223681
34373506
34131177
23094021
34492738
25989598
27861572
24058547
33669490
35164761
29543871
32507992
34625534
35321640
31565046
36317718
36768115
29437166
31651519
26989769
35106729
34063304
36232119
29971839
33205895
32681544
30071829
34770049
18034336
34132152
23777577
31093302
30837576
29550783
35183245
35063250
34100766
33754182
36273484
36809470
31794566
35771764
33655975
36360947
36767665
30189588
32915801
30110945
33852677
25093556
30568118
36282297
19165381
33588784
32744892
19575109
34328579
32414355
19412541
33110163
34653735
36870969
36442900
35162749
35646776
34865202
29951543
29946214
23300517
23383165
31514741
33222012
35400051
33070479
35897325
32977713
29016693
21714750
28594884
28320787
36044153
26485409
32916917
34446768
30307998
25910503
33947111
34815496
30733835
27071028
21605411
30718767
31827143
36226894
28202716
21673959
36147018
34682531
22505995
27738306
28275714
31077187
36494449
34890143
35399856
15147586
19644010
35746215
36445574
36361115
35294101
32661582
35886176
28364366
34940838
26924541
30678723
26714488
36808098
30154159
30165883
27296641
24236119
25875000
32503444
35861215
32219378
32976027
32282723
19618091
36797291
25789772
28289887
35954672
33241118
35055769
35091984
33973133
36367631
33755667
19934212
25860942
25515237
33881530
19338500
25347725
32996048
34960520
33408214
33166200
30379286
22371302
30282684
35639376
31037178
32597806
29188338
36483263
35329218
36376895
28828207
35768658
25013862
21966407
35937394
34545943
21062458
30662942
29394903
31076640
35238931
34112791
35808505
35525980
21656030
35927705
34244592
34202408
22720089
23469102
36554497
36103880
34004389
25585705
34433132
35525932
20108747
35852990
33303790
32772158
28403087
24858376
33513893
25277451
31575335
30962869
35278012
31568713
32876133
32310988
31745184
36232269
25170893
35742730
34542418
36015909
31758692
24040104
32210453
21966420
34976918
34070091
31537862
31705421
32583049
34779965
24446494
36007884
35513855
35472691
33772110
34449106
35641212
35734762
34208163
34381674
33028030
36558491
33865010
32677897
32249308
33928432
33942274
28076402
33110085
35742344
32245367
34960030
32193364
36561325
34022448
30350357
27099153
33857742
22970320
36236268
32168366
36529486
35513818
28754179
36454744
27399278
36201146
30477432
35133436
36497784
35379177
34202249
25031531
29664062
36401889
35288954
36625173
31707842
25849949
28634383
35307985
28467439
35758356
19297404
33009471
36320021
29176863
33568667
34200678
33430957
22574169
28118770
33753755
31134433
31042813
34131881
35357485
35805847
34666835
33970414
32054509
27732592
35225382
36622215
36844816
33955835
36639402
26599688
35807790
33863246
30049707
33985461
35387253
29949071
32443744
22713423
33785811
35441214
21422561
32295450
34225722
31627408
33166326
35105343
35954942
33331957
35636343
34384704
22479528
34479639
33422041
34755319
33828124
36767724
30276955
33509117
30161144
33737700
29138429
30513530
28851741
35537049
34645800
31805369
30508909
27213773
30265012
28226243
32641754
36882432
35719039
33239271
29504939
22085478
29459634
33814437
35773291
34612605
35042823
34527047
33516152
33407727
23951136
31953573
36539697
28411271
32738902
34206373
35069123
36175882
32604401
16412236
27400928
35162259
36293881
25977805
34835984
30021532
27450528
22745709
29311139
30193536
34694327
30564067
32923307
31797177
33291577
34193485
31622167
29405847
36767826
27888449
35270216
32822110
27769568
34004390
26222312
30372467
29761004
32755318
31514312
29044112
26173611
34535714
33864109
33294967
36864074
21256051
35093730
31216732
34198991
33810358
30620741
28402480
33865455
34209149
28234912
33308070
28558000
31664958
31060595
33839644
27391013
35029540
36673790
30051640
35039062
33032662
36326906
35655510
30475814
29494605
29439943
31141574
26026506
25527035
35622150
35522374
27827445
21304942
29680962
23876923
34880339
24258197
32972265
26716987
32818908
26301954
36690723
32796102
32979297
23915128
30104320
22215989
30783663
36646990
32841551
35945795
35270288
28674404
29905530
29579102
36618398
35982460
29720024
30383388
36613139
36611946
30627658
33715438
33724517
31995586
34916559
35889934
33481843
32331312
34099063
4049909
26910769
31691071
32183249
28969661
24498184
25518871
36078210
28485186
32408882
26266380
30592179
30979930
31881067
35617698
16769616
23618596
22912763
35742754
34946255
25775998
34131185
33291727
32290868
36093189
31662344
23917653
31870314
35633435
36839281
35896889
31965401
30274327
33184259
34812987
32444997
34010305
19420007
26096975
25799588
29940017
21655770
33617549
28091572
24205277
32443335
30794090
25793215
26991989
31440868
32857461
32785035
35761306
33483583
29623103
32888303
35769927
27222225
35039615
33935071
34360294
36121867
36498431
32005199
34428243
35336276
36585819
26003546
30206271
36866086
35585105
36782004
26252889
32290072
34894099
28280934
22629129
30473430
36411304
34710140
33996705
36513642
34420033
34863128
33556995
36674302
22719864
36538062
35351068
33676572
35329290
31535283
35867740
32396540
31837648
25839914
26770022
33203801
31557218
32936808
16640109
26414683
24346293
27995983
36165428
30362018
26509085
34319276
31702598
18560546
23940774
28167396
36603413
28675815
35975792
32916935
36513991
34498410
34859297
33143185
36554519
35687556
36050353
26340958
35060406
33806548
35479301
32033562
36081136
24736624
32317262
34697453
31155651
36114235
30496193
29691286
34894110
32780158
19772593
30157691
35270828
36078424
23840450
35914473
34033657
34655220
23029427
36209240
33705101
27305001
34169851
31992221
35457440
30552275
24498289
35010839
30153302
25689827
36454201
36235850
34256777
32050541
36384681
34286075
36834042
35094681
28758784
34869179
18760693
27184250
28325913
23837673
17996075
33909652
35174594
35771832
36555837
32917237
31623400
35723738
35363862
21740568
31300696
29541534
32308027
21347363
34769752
25494179
33203954
35322157
33108549
27992548
32019951
31729840
29946859
32121187
35028609
25993629
34592026
32462397
33622286
33562876
31529300
35688585
29087305
30254377
32617099
33181634
23095570
21437255
33287715
27798260
34232346
30585571
28350831
27115880
23684971
34190939
31582967
31613882
36817933
24467454
32825555
22952975
35752646
32291363
31488480
26730597
35982124
30376815
35788903
36443724
25459875
28643388
35583041
28214667
32804326
31052264
31410740
26063316
32690046
25185528
28748850
26762282
33677705
30325947
32753637
30344992
36231567
35468567
32928500
26885400
33319745
17148838
35940423
34137032
28701206
34782697
28855580
31666536
29771983
32081837
34051422
34948661
28575049
32517043
35011076
33216781
16882538
30784392
35682051
33549993
34639375
30691404
35386055
21687710
34874935
34211005
29979750
28097132
36839359
32912973
22042021
32648797
25623736
35751804
35459249
32322180
35484528
36089955
30867464
32555212
33988147
23620724
36258105
34976589
34956639
32803865
24700584
35476063
35742625
35854633
31466410
32661271
35586008
36894582
32583434
33374947
34702730
32915845
34782711
35221680
26018225
27560491
36355834
27287249
34563129
34299684
34170948
33973881
35679348
27756252
31088493
35854940
34695160
28761096
23349494
29073187
31117312
27770059
30105399
25945493
30718610
33958616
29044461
32112645
28386118
30135563
25478916
35320617
33054620
30875394
35866289
34306309
33017450
36754989
31953449
36833735
26421843
23741472
29446561
32119712
34593842
35550191
32522664
29602641
30611275
34672985
33568086
35570927
32772929
25080285
32387851
26516888
31779649
31914058
32041957
30054460
33888591
34256018
34974525
35244814
33751240
35317733
35033972
35964663
26153165
34750350
19525567
35079038
30343596
35831723
31697677
26262642
32911804
30514932
36133164
35996093
34067861
24599271
36768093
30313083
22042159
25405211
2205487
23463228
36288248
34297767
26560311
36164450
28443814
35896620
29222686
32839483
25390344
21532743
34922495
36497624
33560023
30646799
27473206
27924524
22288906
35409937
27025299
30845752
35796161
33114364
30074678
31535165
33986442
35217779
24928557
31979255
34116150
32964799
22347451
21952034
28559576
27410229
31868310
33864181
33287734
35820939
35147921
36769225
34563150
36864383
35457442
34710001
34090365
36480557
35409896
26516612
29259230
35166927
24851232
33435943
33790281
21243425
21235802
26901130
25036434
25671607
33435328
33154415
35114077
26743329
35435041
27188498
23349427
36691127
31412602
35360515
31561373
34515785
32948120
33556798
36615690
32396983
29383572
36148868
24416338
35705589
35614144
32183152
26729157
25989606
32470061
29890637
25646517
30013928
30596649
19707585
35008708
24667826
35360478
36368054
33608041
33146284
33681908
35162622
34109836
36554293
31247002
25192424
24918069
31127095
20421920
35597905
35468666
24058574
22110616
35742312
22745707
33023701
26448649
36544175
30806993
33567043
35768406
23368850
33413344
26161862
24223942
25251882
30026567
27436230
20231883
35845870
26828931
22870191
25212457
34878233
22984558
34501631
23445709
36463374
31462652
33605555
29973144
29642011
35313394
33721836
35742365
32912955
27049114
31534169
26972835
19270801
21783339
35769517
33806244
32801319
28253877
25965063
31095616
30110330
32344372
31348486
24132979
8611389
32764818
27783704
32230935
35684862
27199674
35115110
34293810
34125203
22114868
20543956
30798167
22291971
29883072
31161387
27920431
31150442
36246465
20021692
26280173
34391419
35947383
20512372
36077569
35730943
29123218
35784243
32991609
24808451
24077319
34718113
36361323
25060169
19573861
30541503
34565388
26926273
32183331
31551604
29352314
29057769
28185228
25796042
22394701
29517857
25893540
33958679
36011754
30250030
35076639
33477762
25759251
20602751
25304446
34948532
34831202
25415445
35286579
27980709
29707393
23440076
30822392
30244356
33367957
29912882
29980900
34173208
35225384
36253452
32847523
33067992
36409900
34016947
36722169
32512782
21347359
28653447
25551149
29853840
19366968
36146095
32910431
32538848
30728834
22761845
27797980
33421996
36120724
33420780
36511406
26102190
36531450
25728182
35490909
26561830
29653523
32640866
29073237
27341346
31651358
24992187
29282641
35279074
34865178
27803025
26025443
35361653
32636406
21606577
32130219
23734230
35954831
36612346
36498313
22547530
34417282
23383342
36156273
34791268
30332489
29189046
28439103
22205981
29848485
28931038
32053667
33001402
22558077
34911436
35563884
26937378
31779179
32133910
27118285
36634113
36673940
34211101
36224279
20194141
35276871
20169080
33883008
33649763
23437276
24602322
32501188
22890474
32388452
36542821
29116142
21695147
33720031
21965440
36352445
34769864
35870889
34750359
28056466
34706785
34454515
35820915
36678230
34065698
36788306
30562376
36107567
31050776
35687353
30673693
35029691
35218004
30105409
35217544
32911617
24927720
27435165
33065515
25432771
25170897
33624114
35034510
34952233
34444276
34825581
31745072
35486332
23072365
35419636
32935326
34479542
25311061
35912737
32998683
35732693
34114709
18197303
30715485
33244724
36340964
33196677
28885568
34512275
26954596
35820744
29677187
31807899
35243931
31650623
36577726
34298081
25798931
34091033
34639442
33087078
35768641
24499656
34009059
35860640
35421284
34459089
30142152
32516891
31324194
28934192
34731204
25875297
24727743
24349389
35349609
36676653
33933025
36817901
36617577
36198843
33924318
36646855
31556649
23135157
25058497
33788844
36767249
33009480
33229804
32576115
23033990
32893282
35257377
26502459
33540930
35583527
8860322
20108503
18024215
30096414
24829473
26406330
23452958
33981668
32948549
30488261
29794977
34307077
30113310
31782693
21593999
31697698
29660563
30089790
34425878
32580416
35486121
36057881
32402731
30944661
25047901
33804849
32925047
32850583
28854205
27903560
34864883
33685760
36703498
36835243
33921094
33500276
32574803
19690610
31849458
30371298
22722841
17619748
22949426
34066049
30577526
21698277
27470204
34325710
34863240
26371763
35733566
31790955
28520755
33931034
30721937
28830443
21708219
34205336
35320274
36231414
29966358
26178653
22509243
35056441
34100742
28878390
31324675
33794870
35488743
16321166
35537236
22238626
29327384
36894922
35751025
25029193
36482603
25342204
30887632
24918625
29876276
36319267
36516129
18165281
35334599
27112560
34728684
32816400
36341400
30425461
32494018
30706811
36451491
27270467
34599278
27775722
26305888
35314498
33067279
27245332
30646391
27893791
34025573
27788156
33177508
34574523
34137200
24178891
34511502
28894235
35154359
33104868
34032031
26897365
36045320
33630915
26225827
28720980
35169072
36522361
20809351
34110552
23924506
33980154
34855871
35035880
34396468
32376944
34301720
34199578
34842533
32660537
21569370
35954599
25272033
23308105
15094802
25524655
25837520
35290983
22479432
34757563
34360264
32824709
35409821
33185847
32737350
32542051
36040555
33346131
36203694
35179392
25106739
33234647
28910416
31356598
34397930
32297862
29088307
36429835
35756401
28983507
32093220
35676218
30842493
34747273
34388639
23728081
19355849
31971664
24892829
26170004
21305061
33599890
36509747
34460052
35986196
35037940
31158611
33260999
26925586
35735909
35190423
34078751
29791467
35674910
32978162
27876847
30394011
25884480
31190769
33986341
33894678
32799963
33531799
31185027
33648632
24434258
34299994
29222423
34433053
33060674
33183226
33219599
31116770
21143943
25428654
34535481
32499565
31822749
29134480
23527215
22644759
33594647
16159306
35564655
35676287
32123974
32844275
21340578
36017388
22640600
27153191
24498297
29068095
28376130
35383249
35977824
36231994
29459720
33927783
32265196
25661463
31441902
27829242
31927709
24714052
24092460
28474775
32544855
19882137
35976659
24522968
25822839
34902050
29089747
31027380
35913936
29993325
30143002
34444395
35986316
34765723
34987774
32297245
22483196
33273906
29558436
27738528
33870705
31970709
29273039
35206188
33538510
30233156
34542242
36641680
31319510
31394366
29584735
34954666
35467129
34755917
32244477
33760806
33413209
34298084
32891039
36057628
34222136
33647433
33686522
35430902
29462175
29515144
32321436
34475265
29727133
33086584
24699393
36554762
33808018
33293510
36208718
30775440
33768505
33559216
33525742
28146562
36575274
36615661
32144731
36649241
33124050
32709639
33452198
26630154
33101404
33955553
23939539
27067253
36269506
26156636
34949028
34065023
26317983
29051027
23826281
23996094
25782136
30478269
30668819
35954617
23592962
23524310
33514446
29039283
26492082
22880078
31240857
29078382
31546698
36626325
34558203
36498019
27275781
31398910
33477293
24742021
29370261
31838879
29738354
34172084
30816292
34530432
34556179
32102472
35820405
32817508
23107380
31116782
24658407
24637829
32369562
35805385
34232918
33289844
35392832
33147287
33573614
30998718
32908243
30447418
33328525
25677013
34948758
36353230
34281979
23028629
20008378
27368628
21842158
27603782
36231931
33765354
25036617
32123113
34881401
36327345
25970427
34299332
36501041
25979086
34823545
33531009
33428108
24523854
29532626
31699064
33542344
33580099
26640481
33755019
35263410
26927954
33923592
32343394
30092719
36662758
23256756
28289280
22794527
35558542
29861450
26972875
35404500
20064942
19584921
31097957
31017372
26908293
20551143
26881222
22291469
32665391
21926982
18234684
34300027
36270758
36451351
33574837
30110334
28187192
18377119
28716389
23724087
29162058
32036424
31439849
23307756
24884505
34874970
36231371
23968389
31784611
26671949
34601309
36333446
35798527
35632061
34417481
36613083
29934594
34325692
24393299
34654932
29063203
34215141
34047699
34003357
25051268
34556796
22343329
31281225
26489021
28355353
36033761
35176032
24507754
35513403
25996151
32097486
30359210
30816288
28851276
22204704
35239836
31830938
34927739
27846301
25275517
23275371
28537558
31351484
25081320
33802087
31048857
34077522
18798005
35457511
29309181
32427127
36086926
35933428
34072498
26161552
34398897
35215564
34766823
33517931
35597953
30035018
31399641
35362880
30882644
29984159
32756804
28855602
30356096
32621406
25504443
30689583
35027612
30241302
33979379
32024008
22173930
36219139
35187674
33878109
32377520
30046612
26946130
21589653
28624877
35507999
30128663
23459442
21985226
22723270
29561893
36221235
28852028
33533724
31158234
36138561
36806290
30842397
24557637
24651366
26267275
34939360
35058509
33976234
30626911
28055228
36554852
33067278
32473949
34680179
32703324
36107604
34866286
33744503
23335976
27010472
24643036
26904993
36624497
32429974
29394884
35853038
19586522
32514860
23861799
36771241
36673965
32652945
35978017
32751618
28681226
33956820
33570297
35576434
33186396
35709170
32560325
26500506
34862853
35682092
33750305
30608194
33870496
35468875
31050786
17431502
32779044
34886423
25462596
19865478
29667923
34810188
35882963
26102501
30151802
31644533
34621501
36190802
33821001
35550598
36284081
25874223
31501448
36709433
26316431
28764675
34684650
25411439
33579030
34184614
33763839
36446997
29466954
28946891
32770065
26902165
35077490
36146189
35197009
36864034
33630859
36091504
32043162
34593791
31414194
28775181
34992100
35781536
23991174
32931066
31387627
33775258
31358740
32504122
35197556
27144978
35161460
32350624
35022025
36518085
31521182
36361252
29432327
15383835
31836933
36501109
20814825
30169499
36293813
36293943
29794099
36303156
29259158
36028495
24348230
28248885
24314053
32933561
35274437
28487891
35443181
24616004
31912649
32610481
34600356
29631572
34512940
27055206
17487877
31370107
36320031
34351051
25427568
25355191
33032665
35676241
35056365
35162451
32183741
35970908
33932226
34588209
24710130
34625536
31905987
31371787
33760069
22860074
36129959
32183894
35994115
30046827
28948070
25489939
25033272
34067468
24810577
34639695
21931752
34635642
36753483
28205609
32932771
33682846
35226646
33767310
33935094
29134612
21712993
36206239
36697430
33451301
20798334
35991463
19090988
32300799
34281035
19711148
23764435
28710363
27092707
31331367
24608749
35131825
24120086
28679376
21967728
25282338
34188788
29767400
33846432
34134758
25033379
30870531
32442638
35064259
31552874
27314016
29513726
36209551
26999286
36385331
36373873
26223228
23505500
31242557
35737557
29970000
27116102
36806145
29222516
35742464
25143719
24098469
19492066
25295288
30228357
26589247
31911527
35394005
32515134
31709780
21966363
30667093
27959921
32352985
24005481
33833217
29453297
25187954
35152002
32485993
32013915
32138289
34042590
34996965
31557228
31830104
32830051
36231581
36293619
20714057
31985179
32229581
36096757
36792755
32756073
34117049
33887698
35151285
25514366
26644594
36378390
26154513
30547668
33083496
25914528
36367722
36015970
34403137
31302662
27630778
34165775
32881915
34087894
33199858
32396997
35957266
36232852
36615894
32546129
31974517
25240319
31266451
34886841
35688893
35286729
32498728
35897015
32203562
30809977
27084320
33093599
29912921
33087573
33510389
29410407
28117378
34132448
36352153
30069059
27694370
31994699
34047895
22612379
32620164
31123103
32251423
30804194
36203500
36691162
36053586
32820839
32876049
27150079
29215334
35305233
26276266
34769822
36596589
32919754
34957532
24791913
11580865
31122975
30108252
22281207
25082664
20539296
33534842
34770113
36101670
33647810
36766724
31347684
29491315
33207157
34208766
35243896
22253689
35838984
36131252
33045916
23219156
33461585
35429174
36033774
35484624
30760887
33649378
36218379
27855175
30479270
30917138
36767581
34762179
35838855
24901995
28860577
35815340
34911461
35610658
31925291
25905783
32910300
34751856
33517487
33673804
33574399
33632235
30532229
35006304
29387526
33262419
28855703
27466052
29522549
26206865
36142042
36413743
26234976
19788566
24049443
36192526
36180870
24671170
36544165
36231707
24023866
36552818
35149740
32707766
29940239
33003072
27752054
34411626
25384551
21752266
34501963
33510336
35524020
34064156
32806562
35696729
27277662
21673807
35521630
24565806
33593192
24489743
32934305
25423150
36639565
30621232
33146610
30400825
35613097
17150108
35627504
36331612
36430097
29590125
27633756
27749919
36113122
30404634
35705764
32436660
30074478
36224664
32019464
34265002
33075480
34776434
26869679
32887553
35213057
34480219
35357629
32817199
32961301
34510394
29453399
26695408
33971951
35010946
23719722
35162070
30986970
32415969
34818358
34642823
23497308
28520751
35537346
30025518
34001034
32273518
31299061
36228483
33592094
36503642
28496183
36822802
27781148
31689943
25627861
29981017
19412172
33539468
32189585
35877616
36112695
36805537
30226467
24282604
34983049
36804963
33159488
36512612
36281092
34587617
30584158
24766992
36329481
31137595
25096713
32945030
31877912
29457328
27051242
26976505
33374182
31973094
23144705
35712004
32444624
29450793
32652491
23077499
28406682
22817102
27254099
34217888
23737946
31748442
32558280
26244335
36443753
21070531
24287962
26215473
29502145
29367627
29343686
27983697
34118787
30737392
29033450
35991063
36803654
24473557
31628507
24872253
15719059
31783514
23390528
28977015
31727165
32960747
31797385
27830152
35359786
32583460
25085057
23173831
27321666
32052694
27019198
25519467
33243286
26138700
32867702
26203003
30646141
28595599
28406936
29140560
33618664
29059185
34385478
30315145
25111701
35469218
27109507
25275647
23241332
22125621
35915330
34324056
33941628
32777702
32379838
35637624
30604744
34166461
31927590
36078324
34493618
36690475
31139730
34548372
35867746
28558002
31091297
36774121
36299766
30621644
32409896
27802294
30154467
27548612
32060124
33509934
36376490
33944787
29693564
30791869
33187638
34310044
18282295
36217106
35804410
35049505
32522183
32272691
34194304
26809841
32948749
26753625
34650189
34043652
33451110
32344791
31853557
22417773
34326392
22828128
33589778
35849205
34009540
34707092
35945395
31357147
35186852
33105258
30147810
35745194
34271944
27903238
35725247
33087746
31630115
35443143
32193411
27328836
34948993
29315276
35708675
34434228
33922552
36253969
24146223
31953508
28760786
34864431
34183678
34017022
31389043
36120792
31882927
18820290
27906965
33920935
35017298
36361230
26489663
35408982
29342865
36690367
27273074
27731403
24928171
32810172
36361167
36351968
32583977
35870885
35038111
29411356
30439597
26042394
36871589
27927739
25624754
27802228
32883950
34792480
32699518
20596858
36581659
33731834
35962011
27558400
23001631
35628329
26693203
24694100
33668095
32920995
33857363
33610097
24379009
28977012
23119073
29844565
19561144
35017668
34619638
22713421
34775949
34174909
19836379
36203719
26628562
32423126
25951227
32367139
30533023
21834950
35582802
34540188
32401875
33198235
31508796
31776832
29604611
32737352
19492045
33691622
33653286
29709003
29158667
33821788
30087294
36881411
35604618
19265517
33791942
22874661
27226249
36027762
34580319
30279458
30477450
31009465
35526259
33919491
29804545
26516908
35657065
20633070
33974678
36844825
31963639
28158336
33091011
32020503
23882089
27430352
35457761
22927928
33789683
27930656
32483608
33210446
36320000
31923211
23121744
9167986
32594936
33568083
29091915
20455953
36833793
36011890
32606300
33243153
31856741
31306442
35550471
36607973
31690797
36612737
34654401
34556153
29235507
28730671
26904302
35399839
28662197
34923962
33230131
36498036
36202581
29864112
33808777
33578876
27030372
23166662
21354558
26605334
22563375
35834438
34350544
25375157
34865111
32390248
33654202
34063827
33861794
21153806
35523145
36141902
26870812
36231152
32220228
24301650
28116548
28178917
32971464
34227053
29104256
33024242
33895774
24357467
34038433
31323050
33503169
28832595
23977386
28657600
26608976
35694933
36862894
36835010
32662280
36850812
26353119
24495355
28077120
28508141
34808037
33706749
36089574
24950500
35428195
28348380
36716081
33496311
35124649
31195407
32785238
18418472
31366395
28836147
36011852
36060668
35781745
35075641
32103569
36764364
33854875
34495974
36361497
35648204
19491471
24101698
27620178
32955572
35353882
32257168
36123443
33752704
35244896
35886296
28933048
24756915
30478284
27310184
34128263
34815282
35726881
22905244
36757914
34441005
34030664
33361162
26874916
26076022
22768218
36031793
31253121
33711937
24742381
25207813
33500510
26857597
36314152
32364227
34863115
20882335
29590482
36040183
29411217
20070952
23305134
33211158
35906575
26161851
29558513
27880785
31898433
31546143
35831442
33244733
26843604
24279904
29721504
35742670
30629666
26610556
35162238
35942807
35690655
35420317
21223543
24936408
35202483
24551149
30249201
16920788
30869789
24587705
35668361
34176293
35418951
26914933
33927204
36232110
29609632
34644353
32894075
36450857
35449865
34475154
34332330
36206312
34578786
31626144
31314804
35312253
30809702
31235748
29383081
35130873
31121979
30522390
35742531
29852005
26682220
24167569
26452580
25887891
30138477
34006226
34668124
31904084
26460731
35112347
34170426
26840411
35668303
22453832
17710249
32176105
32910252
32686699
33576418
26673881
35058549
35241503
31019993
29063423
23977183
33044974
28556813
23009189
36448926
23303961
33372699
34512546
35101921
34745383
32635202
29950686
33780863
36397018
32690067
33057050
24503774
29760400
33631000
23017990
26434635
35931881
36088841
34677753
31016439
29654035
33518591
33498760
35361170
31212845
29226809
35366505
34911450
27816082
33382748
28779278
33202902
34047077
36573037
29324745
28798417
27529751
33968872
28100276
30755265
36554898
32530575
25032963
29480200
35334832
29137185
35148787
32291838
26747448
35950925
36101998
24317381
34954025
27007169
35318349
36113037
24596461
36521958
31063463
31822740
25842966
31127767
32372717
25803546
36263678
19261463
30557326
36837406
28032005
24768034
33496862
31003487
31450591
31645633
33421355
35197102
31710652
34906229
32825491
32372708
36658258
35182383
26569277
32942289
27625375
32267168
31277587
34360490
33668227
33436676
32609841
20359355
31484503
33713118
34204504
34616550
27731348
30421122
32986674
25660032
30161263
31033253
32342617
35161648
22645423
33200801
35473636
29439387
35162644
30030487
24475211
29425205
26864717
25830357
22954020
31744057
25069864
30180509
29945638
22384057
36278400
26346432
32727539
36361134
35418839
32121507
31869375
35713240
19536274
34494990
29699054
23227201
34907428
19208247
26928254
33882068
26673919
33317499
36735846
34852792
23991638
35548926
23752249
23118870
35532831
33604724
31923227
26339204
31511036
35013426
35953104
21666750
30970666
34125323
34884587
25331639
31344892
30219087
31036091
23071428
33639653
35398906
35477353
33610962
35409846
33872994
32428037
36787278
34936676
34891080
34682715
35954592
28566609
33590471
34536189
35879659
30048551
30273411
26760972
24009704
25211775
22666364
35583218
21331371
35689786
28758118
28298555
34215225
33573623
33849658
24825952
35742400
27142448
30979880
28984584
34032799
35049127
34930996
34388182
35490476
34817738
32741823
31869709
27330282
31181669
34727714
23077509
31664176
29445210
28678870
24147023
21935362
26948055
29427081
35705737
35194054
35655149
28629417
30974021
36788482
27522402
34737458
26043167
28194605
35954901
26656642
30951160
31827497
35276786
34733458
34023557
32888095
29276216
31745122
32167444
25918456
35260859
30061456
30072715
35941561
32124422
32299999
30334474
27866085
35833240
33803292
30953823
30128280
35401883
17805430
26539829
27062554
34103636
32856790
36690656
35270560
34107913
26316730
35097128
18577205
31225891
30138922
18796175
36357586
35499392
30738205
29156647
32985049
29689053
36833700
35251154
35681980
32604019
29229614
36676758
29902278
21161188
34465401
30452413
33532607
30629788
27567874
32336744
30248121
32915200
32488119
28578379
33053097
35915098
33996703
33675447
30375370
22957099
28317488
27420093
36060872
27765900
33938018
21281663
36429467
35225075
22425724
31656243
34837976
32613224
36415046
36497729
36497123
30899050
33779685
16623938
24349461
29622034
34817673
24955992
36504999
36448654
20054648
22720004
17827861
18510757
35474074
36596396
27652981
28946869
29201537
32392779
35437246
33400551
23078629
35619188
34462377
22520632
21748447
25958115
36193078
36498262
31427316
33674679
31996775
28783749
32293363
29335774
25100039
24098471
18787230
21433290
29890961
34684373
32520166
32753068
32742512
31888007
35947921
25803861
25394225
32565773
20877723
36747142
33949949
36429634
34737364
28661167
34748549
30975993
36244197
29568750
24183618
32222973
36497762
35031335
35798872
36380060
22570726
32171297
36344830
31738418
26491279
27431291
23383291
23717572
33154420
28706955
33097785
35224526
25762234
29748770
33168806
36603032
23284916
24350728
35105862
30462711
36104820
24384229
36748105
31125468
36823619
34511405
22577302
30341038
16945130
31177223
34983402
31507031
36612476
22479152
33430817
30335604
22799620
34792669
34501553
19636640
33661097
34388179
31529533
36807588
25229458
30253809
35742207
33443136
30977060
30081594
29315079
24874454
35524304
35449867
31910847
30856191
29276380
35459668
27897213
35044528
30689577
31119033
25709419
29751823
32998921
34292101
30747911
34410999
32610465
29878076
32249849
31366954
25162637
33923141
36808174
31937350
36730336
36149062
30634719
33046527
28359862
36799868
35648403
30820769
34115028
34288570
34021607
26039290
32817680
27021814
36703834
35783996
31471958
36231699
33741660
21510896
35780306
24937544
33810477
25831483
34997155
29133762
35013101
25811652
34531454
30721252
28475756
25826338
33246408
33882847
33677366
34314430
30679740
21779401
35209875
36355846
23143153
32236692
33335309
35982049
21241479
34496786
34741277
33315897
36385466
29782515
22536441
32635282
32054866
8527046
29789611
27783638
36364792
27169802
28375207
28523234
33053828
33534868
32024482
34338737
32070246
36094729
33914195
36771411
33419557
20142334
33128735
33180152
33147602
33557905
31404096
32599553
36749797
26608280
31382632
32310977
24215564
30128286
30285083
36347845
20707902
20585373
33680283
32390653
15719056
32994518
34300022
23577069
35907947
34215148
30125286
33608711
32424299
31648263
32979927
36201438
24606831
35130861
27191845
35288137
34204250
36442895
31390344
34312662
29686384
25826620
33308067
32584424
23691203
34769619
24118003
25474645
36596014
34674331
35266000
33956703
35690972
35013361
35075636
34459914
30744676
33097749
36448543
36720960
35731789
34805075
35836187
35867217
34782402
36554430
34763133
29070027
26477656
26536672
34996385
34742324
29761246
28153054
34893023
30963102
26879093
34726694
23118942
34552671
32106583
21771902
33023054
28053305
36537658
32388347
29020372
35365806
34616448
29843655
36035851
33980212
35488793
24592964
36195448
32474233
27163534
36074638
26960259
35934960
29491383
27464584
32620743
36271276
19936066
32722659
35237390
36768036
33786749
33411062
29568074
22492749
28373684
28280899
28925598
27879155
36038766
34419867
34770180
30556150
29299389
26911964
31666029
35680992
35731868
35710251
33567758
27640871
32968174
36429562
35945206
31339177
22937122
35585206
23555797
30863028
34559471
35026661
33057117
34241948
31877583
29673379
18463701
32984509
31874926
34859493
33022001
34117632
24990175
35831889
36707834
26724987
28632752
24349257
28611148
25012202
36619817
27608809
32589644
35741010
33139736
26218584
25865819
32228468
33825696
27007147
31319809
30805861
24855347
36755038
33014971
36204097
33886680
36498149
16444903
36612537
35115622
32760096
21527022
35730426
34410396
30782877
29665469
36065365
32154789
33671754
29729493
36364760
28374146
27032108
29661902
28446210
33421052
36045971
32451959
33176851
30604038
33055122
31163023
29550773
30088178
36855049
17183682
32859064
26797633
33483535
33330952
31123756
31242255
35304762
30371192
35414242
35898501
34882746
34587149
36580963
32371513
35685224
31078129
32776493
28248416
36297060
28776344
30653853
20008394
25818181
34876024
22042633
30755685
35729320
36017375
26445700
30418995
36447269
28426638
26107779
35763985
33833278
28729621
31929549
32444550
32965593
36448303
35980898
34281052
31854046
31978156
26391367
22318413
29160408
23975948
35043593
23242356
24816647
36038567
34911582
30218394
31768703
33753883
33570017
33528912
36117142
30739057
35757896
36112313
35162310
32962659
21629997
36228024
35832096
34855876
32697771
35019164
26608841
34232955
32816110
31456158
35380337
31789477
35081932
28364127
32036413
30655543
28192429
24631799
25379430
23568083
34671917
36502317
31415596
32672842
36651042
32795281
26395552
23565181
29980224
36066964
22496783
33799270
28703008
36163030
34468744
33693716
33336877
19580661
31116742
34279759
26156919
30010134
25709417
29370749
29562187
31348799
22734064
30137209
28576891
34807938
35126493
36215221
35869496
25215527
23457555
35409683
25919640
35917348
27328132
32933226
33459868
32541023
36324459
35251575
36255155
36147581
30030456
28579480
28497797
29698440
36547691
32614881
30108205
30944478
35808291
19828556
23460879
21029471
28554999
21844288
35332232
33177226
30073195
35763165
28511639
31705038
36315511
31873079
30261023
32269255
35838485
36353955
29484269
35223718
27178844
36429644
28096758
32560691
35134702
34716563
34078145
20852970
29621261
34663905
31797987
33558352
35773751
26999822
26154309
31704691
27098489
27547454
34024876
35676968
36184890
27066274
23650501
26327229
27075509
33714945
27908287
33769700
35983157
35228593
30087262
29272276
35841428
23593238
32847909
33888794
26714192
21940605
36445876
18594058
20305818
25007152
32939682
36384479
25896257
29749039
32188280
27485753
35107603
33029123
23118906
33311578
33233988
32641115
36243769
35373641
31726790
26735297
26561862
25815814
21534649
35524182
33049412
31546856
32559185
35072642
29310693
36619573
34875822
34372476
29220349
33257657
30513083
26888070
33918116
36709974
25101637
31035856
30824830
33367521
31847846
30166301
36537816
33275793
33038925
32503162
36053340
33021409
34548788
25888187
34633146
23648193
29358845
29579122
21559448
32424781
31062193
34134667
31125022
23029321
36834485
34981464
35355311
29677125
36165745
35331192
27560185
36118837
34238925
35708687
36554545
31847401
23432835
35753000
35893057
29911970
25196040
36693858
25807078
32728351
32214190
21732031
34793534
32663968
28031038
34009663
28301554
36167692
28234942
36673958
32070695
32546681
20886034
27778159
24648723
27322475
33002053
33244598
29975749
32541809
30815987
33742723
36231428
21547499
36708380
32759833
28480424
33564104
26605795
31657693
29472265
33562249
34113957
27869715
35888606
22672287
32783353
36525332
22046178
34360299
34297895
18958158
22528607
26629513
30872661
33551757
26301781
18698093
35563336
36254004
27881073
31857874
35391659
33127479
36763595
33072197
36709449
33558459
35261824
36624241
35458181
25419980
33273566
34127029
32362788
25520045
25479194
35293135
33431807
32366646
36466491
24879113
34921555
28684776
21448156
33463733
31450908
33115861
33302600
23709414
32202077
33904966
36014906
25642394
35227089
23082896
24238393
34876421
35010276
24858841
31906475
33024081
32310164
33448297
33799630
32977839
25768735
22846379
18587525
36279434
33874911
34682723
22466406
32474170
29507779
36217017
35932158
27236083
36323239
34994997
32912953
36017397
24524597
22937085
32349688
34586489
28018680
28247479
34811385
34949175
27016244
24244302
29219104
32241302
27551971
25097858
28821719
30634184
30855469
34021200
36432514
36080851
32300377
32232358
35529500
35729547
35435572
35564379
34788822
34106960
35220947
30455457
31413555
34622776
20003398
26630485
33555944
33991443
35329128
35195532
36721045
32538839
33818664
26624517
22754476
30532020
30714351
18801476
33673619
21761197
28042201
33320945
33807425
31227777
25871628
25143430
35212979
28762195
34107932
22820554
30708106
21629200
29176708
25721181
34065178
29352126
31603934
23658739
22761685
34877358
31362905
19166601
34259393
26811674
34019810
35941704
32750110
30033685
25193529
23469076
35229449
32167407
23254291
32059565
34181333
25064692
22815969
32546999
18382689
28523229
35162247
36368762
35688899
34098327
24616627
33020514
32916855
25849555
25270099
34244490
26088667
36678204
31888696
30704036
36334250
24637785
31253171
29487506
36125658
32690068
23577218
35773649
36827363
29914396
35648760
32533466
33601691
29850491
34986673
18298268
36040269
29776349
35930667
28321406
26657549
25066510
35363382
35325450
35778705
33006984
25266222
29387534
34168271
28957435
31775280
26833794
32356600
30372473
35191843
24606949
34315440
25714395
26424444
36842081
18753668
36198465
36231874
35550565
34620933
22558179
31892730
24743576
26576815
36797017
26826237
32193278
35099658
29761018
31931873
30252185
35850161
22479593
30542105
21699727
26378556
29180712
33003338
34517828
30452479
30561508
26924655
32631173
29574441
29641462
27809765
32042040
34413181
30854733
22039499
35659227
26771249
30447152
36107147
24957741
30096799
36839397
23755146
30310078
33849856
23663320
28545580
35046433
28321129
35562378
32098928
36069971
28870017
26126116
35418813
28402335
29953501
34264980
30201717
28937981
36078520
32576245
28915856
34836498
25390368
35301771
32989487
32574804
28256510
27779192
33235219
33332647
29879124
27798017
27435062
31724919
33980288
35274793
35254408
23778582
33648956
22169884
35301273
34404456
25908675
27293420
26485710
31722743
35538169
35314492
18305926
34574573
214300
32822400
20886073
33376313
32868772
35190735
36703196
35759622
32633589
36011569
36844413
35950638
36037020
22641819
31444333
21935374
30400947
30417078
32183084
36357491
35709299
33786606
33212748
35266330
22688631
20852829
31824658
32126068
36717669
15252455
23936179
20051361
33244178
34065045
34910809
36130749
30621014
29146995
29619488
31190772
29523857
28791662
26867200
31655923
21556183
36834020
33191466
33233594
29167419
34110097
35288774
35138693
29929471
28158844
18795100
35638265
32842581
30863894
29335318
33556882
26926956
36541441
20451381
34145259
34106222
31921482
29720224
34511118
32406349
30172096
26919258
32899073
25502570
34935072
35771851
28589258
29154612
32451417
33380479
36231817
35592079
26214312
35996078
29659622
34648580
35286255
32759658
35426034
36387915
36151105
34510660
36370425
35351125
30097035
24086390
36550284
28399842
34131889
33913024
33349672
29882087
32546548
23192752
36678302
32881859
29760466
27695104
35078414
30354795
34601697
34070866
33663590
33598801
25644384
35789477
36650347
33057046
27824858
32973064
35060780
29579056
17411437
35042829
25189792
34110472
25260339
33535855
26474472
25913554
28233235
27611959
35432207
35666097
30594142
30288663
24621105
36004342
35927622
25685840
36284203
29751832
26258487
26499255
34831941
33053843
29434208
35484496
34808627
34514813
36279436
25089322
36624510
27502769
28076421
33383820
23341738
36111832
33920112
23737459
27021821
35241156
15303302
32503251
30214157
31685624
34661882
25512328
22815336
25485641
31178905
32244660
36383265
32749046
31838734
31430849
23209619
32472387
21840892
22427850
22203915
29299378
24646439
35089928
36628577
28654635
35531473
32736640
33888760
30388181
29543872
15150608
27520466
20657643
30242290
21278702
29895594
34409496
26883213
24019921
25793291
34816389
28810458
30377931
34948596
34655096
36609226
31675275
33908216
35170723
28458415
35798809
23190558
36721109
26429679
36671397
32546987
29884778
36520685
35042834
33528805
33891643
32926283
19688203
22190573
28880490
22618636
18368397
29145410
27234001
27167086
34083708